0 94 30
1 56 36
2 30 17
3 78 18
4 85 34
5 58 29
6 8 37
7 59 55
8 59 12
9 12 12
10 34 25
11 16 12
12 62 14
13 30 8
14 6 33
15 17 5
16 70 18
17 39 14
18 39 37
19 32 39
20 87 16
21 76 57
22 81 17
23 36 53
24 19 56
25 90 8
26 80 10
27 5 5
28 96 18
29 32 56
30 94 24
31 73 49
32 86 33
33 54 42
34 34 13
35 17 13
36 5 16
37 48 46
38 79 10
39 9 25
40 16 2
41 93 35
42 87 38
43 61 15
44 67 42
45 41 16
46 61 19
47 6 3
48 35 28
49 96 56
50 2 41
51 42 43
52 6 56
53 85 2
54 55 38
55 23 54
56 63 10
57 81 46
58 59 58
59 39 28
0 14 44
1 36 24
2 94 20
3 77 21
4 32 13
5 42 31
6 84 34
7 91 27
8 44 22
9 6 42
10 47 55
11 37 25
12 96 21
13 97 35
14 27 39
15 93 8
16 81 52
17 25 2
18 10 11
19 30 22
20 52 2
21 49 54
22 30 10
23 56 57
24 35 56
25 47 46
26 9 54
27 50 8
28 27 38
29 66 54
30 8 34
31 98 26
32 97 20
33 44 56
34 9 48
35 25 31
36 16 30
37 97 25
38 80 4
39 4 55
40 87 14
41 93 2
42 88 21
43 5 33
44 59 37
45 96 6
46 85 41
47 18 29
48 52 9
49 98 53
50 89 54
51 90 10
52 15 46
53 16 6
54 96 10
55 77 45
56 26 54
57 8 4
58 75 55
59 92 33
0 77 57
1 79 30
2 79 4
3 76 20
4 23 29
5 8 54
6 74 55
7 28 4
8 35 21
9 24 1
10 35 2
11 99 35
12 18 2
13 54 23
14 42 13
15 75 38
16 46 29
17 66 55
18 28 13
19 96 38
20 79 48
21 89 8
22 51 45
23 56 39
24 47 14
25 57 56
26 38 28
27 95 10
28 39 2
29 81 23
30 48 42
31 18 2
32 57 57
33 46 46
34 23 22
35 11 29
36 78 42
37 28 19
38 79 32
39 13 8
40 49 19
41 93 34
42 73 42
43 95 21
44 44 2
45 13 56
46 70 3
47 21 31
48 81 51
49 80 15
50 18 13
51 96 42
52 14 21
53 88 2
54 11 24
55 5 36
56 75 1
57 32 56
58 91 43
59 15 3
0 64 22
1 85 30
2 28 5
3 23 21
4 55 20
5 22 27
6 86 53
7 91 8
8 59 45
9 10 27
10 18 15
11 7 11
12 11 6
13 15 58
14 9 31
15 51 8
16 25 56
17 84 34
18 36 39
19 78 48
20 72 47
21 5 52
22 82 36
23 17 15
24 58 55
25 3 5
26 96 49
27 34 55
28 46 2
29 69 37
30 77 57
31 16 24
32 71 12
33 36 6
34 81 45
35 39 31
36 87 31
37 51 41
38 83 39
39 71 21
40 27 14
41 97 55
42 82 31
43 24 18
44 42 55
45 95 8
46 30 25
47 95 54
48 74 41
49 11 9
50 94 43
51 98 34
52 19 3
53 69 22
54 37 47
55 45 57
56 25 28
57 21 40
58 78 55
59 98 30
0 62 20
1 85 55
2 82 56
3 46 30
4 53 2
5 94 44
6 80 7
7 5 34
8 35 30
9 38 44
10 85 57
11 91 43
12 39 41
13 97 31
14 3 6
15 72 39
16 57 39
17 52 31
18 15 34
19 83 24
20 54 40
21 72 22
22 3 3
23 25 43
24 92 45
25 99 53
26 76 42
27 40 18
28 83 36
29 85 40
30 37 47
31 59 57
32 13 37
33 63 45
34 6 30
35 93 39
36 15 36
37 98 38
38 25 16
39 28 10
40 88 24
41 40 16
42 15 54
43 80 12
44 18 46
45 33 2
46 73 48
47 7 29
48 21 32
49 35 26
50 70 57
51 58 17
52 96 50
53 71 2
54 32 4
55 60 39
56 91 54
57 13 45
58 41 1
59 13 30
0 26 29
1 37 48
2 70 29
3 3 11
4 5 39
5 8 5
6 80 49
7 11 18
8 51 41
9 93 9
10 32 27
11 18 11
12 13 23
13 62 22
14 56 21
15 93 15
16 11 24
17 99 15
18 41 44
19 52 2
20 87 40
21 13 43
22 40 19
23 3 34
24 14 44
25 98 22
26 5 18
27 90 41
28 43 14
29 44 18
30 38 16
31 13 42
32 36 12
33 50 44
34 67 55
35 11 50
36 73 52
37 53 44
38 34 13
39 22 37
40 87 56
41 8 39
42 68 46
43 98 21
44 93 7
45 85 13
46 11 37
47 5 30
48 98 24
49 4 24
50 55 31
51 92 11
52 18 14
53 80 53
54 87 43
55 9 2
56 39 18
57 37 5
58 42 42
59 51 30
0 25 22
1 41 2
2 54 17
3 90 33
4 90 47
5 52 15
6 92 26
7 33 41
8 88 3
9 67 39
10 70 21
11 85 2
12 89 20
13 29 13
14 84 22
15 26 25
16 87 22
17 83 3
18 10 57
19 96 47
20 89 28
21 21 32
22 88 2
23 6 40
24 63 28
25 5 44
26 55 42
27 43 45
28 5 51
29 4 29
30 18 20
31 40 16
32 44 30
33 85 39
34 90 50
35 18 22
36 37 54
37 12 20
38 71 9
39 35 57
40 8 3
41 61 29
42 21 2
43 96 22
44 43 41
45 36 23
46 9 49
47 64 9
48 35 26
49 92 50
50 84 1
51 92 56
52 28 25
53 6 2
54 59 40
55 70 55
56 77 47
57 91 26
58 26 43
59 38 41
0 56 56
1 57 9
2 56 58
3 30 29
4 45 45
5 5 50
6 89 54
7 26 42
8 31 15
9 96 5
10 73 42
11 37 17
12 87 33
13 69 43
14 22 40
15 60 19
16 10 13
17 45 31
18 26 28
19 9 38
20 6 24
21 12 28
22 31 38
23 93 54
24 44 30
25 35 20
26 4 50
27 6 21
28 64 45
29 69 38
30 61 7
31 50 44
32 28 44
33 94 8
34 4 18
35 19 35
36 28 2
37 91 14
38 58 21
39 57 15
40 64 17
41 47 8
42 63 30
43 99 53
44 91 53
45 2 16
46 32 15
47 45 7
48 57 45
49 34 41
50 60 44
51 34 17
52 33 15
53 79 24
54 80 13
55 86 44
56 53 45
57 85 6
58 9 12
59 6 35
0 89 41
1 74 17
2 43 22
3 3 29
4 31 23
5 79 41
6 64 10
7 89 24
8 52 56
9 57 29
10 62 40
11 46 16
12 97 38
13 32 15
14 94 11
15 76 31
16 72 29
17 86 23
18 29 39
19 82 20
20 31 11
21 89 27
22 4 37
23 5 23
24 30 55
25 90 46
26 57 13
27 47 41
28 44 54
29 9 21
30 5 20
31 31 38
32 69 40
33 90 42
34 69 13
35 95 8
36 94 27
37 11 19
38 54 31
39 93 25
40 80 50
41 24 16
42 57 40
43 25 30
44 25 30
45 87 52
46 58 8
47 8 4
48 72 19
49 11 44
50 35 23
51 53 28
52 50 17
53 90 5
54 98 54
55 93 14
56 31 54
57 9 9
58 55 56
59 5 47
0 31 30
1 58 19
2 20 29
3 17 16
4 3 7
5 49 41
6 24 21
7 3 33
8 22 5
9 52 56
10 26 4
11 25 56
12 6 14
13 8 43
14 48 28
15 70 44
16 35 39
17 58 37
18 12 48
19 35 2
20 25 25
21 68 17
22 18 30
23 16 41
24 73 20
25 28 26
26 20 56
27 35 16
28 75 36
29 73 55
30 88 9
31 91 12
32 61 16
33 64 38
34 10 25
35 11 21
36 23 22
37 84 46
38 18 57
39 16 28
40 66 44
41 40 3
42 17 25
43 35 2
44 46 45
45 52 56
46 35 46
47 95 29
48 41 36
49 92 39
50 31 29
51 20 4
52 61 56
53 9 4
54 89 45
55 65 19
56 30 30
57 10 43
58 81 35
59 86 11
0 2 41
1 60 42
2 19 20
3 66 2
4 11 23
5 79 45
6 76 22
7 32 46
8 91 38
9 23 22
10 4 18
11 24 25
12 23 24
13 82 44
14 11 28
15 98 16
16 64 43
17 96 19
18 8 43
19 82 21
20 88 2
21 90 18
22 7 26
23 80 57
24 5 22
25 49 16
26 75 19
27 8 55
28 94 4
29 59 55
30 4 8
31 63 44
32 38 40
33 58 28
34 59 45
35 17 9
36 90 18
37 4 13
38 89 57
39 81 56
40 8 36
41 23 18
42 85 23
43 79 4
44 27 7
45 33 55
46 94 19
47 73 52
48 31 16
49 92 8
50 77 17
51 49 18
52 22 24
53 73 42
54 59 18
55 37 47
56 67 2
57 22 38
58 48 44
59 20 6
0 89 35
1 41 55
2 93 49
3 27 18
4 93 24
5 49 39
6 79 26
7 71 42
8 6 52
9 5 25
10 24 41
11 27 30
12 81 43
13 33 11
14 93 33
15 6 51
16 20 8
17 62 54
18 75 43
19 9 23
20 11 3
21 93 5
22 61 41
23 84 28
24 4 46
25 2 3
26 78 19
27 7 48
28 4 40
29 12 9
30 22 55
31 72 18
32 95 5
33 33 46
34 84 37
35 88 29
36 87 29
37 39 7
38 44 16
39 98 24
40 51 30
41 79 1
42 16 56
43 85 19
44 28 11
45 67 31
46 12 14
47 12 18
48 59 28
49 68 2
50 16 41
51 48 30
52 17 6
53 85 26
54 67 2
55 50 54
56 29 29
57 46 21
58 50 44
59 37 14
0 75 29
1 41 42
2 50 30
3 87 35
4 84 32
5 16 11
6 24 8
7 81 7
8 26 17
9 34 22
10 22 31
11 88 47
12 15 22
13 65 30
14 4 11
15 90 34
16 4 7
17 95 23
18 71 54
19 80 33
20 82 23
21 75 37
22 29 9
23 20 29
24 4 7
25 83 12
26 89 26
27 37 37
28 90 31
29 71 15
30 97 50
31 37 7
32 36 57
33 42 23
34 44 41
35 12 33
36 7 35
37 90 47
38 19 40
39 72 52
40 5 16
41 42 16
42 66 42
43 4 38
44 19 44
45 51 55
46 76 16
47 6 51
48 77 20
49 26 13
50 72 28
51 91 45
52 85 48
53 27 36
54 34 19
55 46 56
56 66 45
57 44 44
58 4 35
59 12 21
0 32 4
1 67 27
2 22 27
3 20 5
4 72 54
5 45 14
6 68 37
7 87 29
8 10 5
9 44 20
10 82 23
11 26 19
12 2 36
13 18 11
14 26 1
15 6 23
16 51 8
17 33 17
18 43 18
19 65 28
20 81 29
21 27 44
22 80 17
23 56 20
24 35 24
25 31 37
26 3 19
27 87 15
28 27 24
29 42 56
30 84 37
31 69 28
32 13 24
33 45 9
34 43 31
35 82 20
36 47 20
37 16 14
38 3 50
39 68 23
40 2 33
41 56 18
42 43 42
43 4 14
44 92 28
45 69 43
46 15 38
47 19 36
48 25 6
49 54 56
50 98 8
51 18 33
52 12 43
53 32 23
54 76 56
55 37 13
56 86 5
57 10 18
58 7 27
59 33 29
0 50 16
1 50 8
2 66 2
3 3 40
4 30 15
5 11 33
6 83 6
7 8 34
8 78 45
9 21 56
10 58 3
11 17 22
12 76 16
13 72 44
14 5 37
15 3 42
16 9 32
17 59 18
18 8 21
19 64 38
20 15 16
21 48 29
22 2 15
23 79 4
24 7 55
25 13 13
26 50 16
27 76 2
28 27 29
29 54 42
30 10 30
31 19 44
32 95 49
33 16 32
34 69 28
35 34 8
36 12 11
37 90 33
38 55 41
39 88 57
40 66 30
41 53 42
42 36 22
43 84 46
44 86 31
45 12 4
46 80 34
47 73 9
48 27 20
49 30 1
50 45 44
51 55 37
52 76 29
53 3 4
54 39 40
55 84 27
56 17 16
57 51 57
58 87 29
59 83 44
