0 31 12
1 83 58
2 54 42
3 15 1
4 23 18
5 89 49
6 43 56
7 11 20
8 48 9
9 6 25
10 82 32
11 50 55
12 76 31
13 79 53
14 94 46
15 75 37
16 20 46
17 58 54
18 13 14
19 90 28
20 3 53
21 59 42
22 87 6
23 40 54
24 67 39
25 21 10
26 2 55
27 41 18
28 66 30
29 42 41
30 80 2
31 9 6
32 38 41
33 80 8
34 31 26
35 58 22
36 59 58
37 3 23
38 32 7
39 34 8
40 73 14
41 69 40
42 20 23
43 64 44
44 97 56
45 1 34
46 94 45
47 18 44
48 96 50
49 97 2
0 80 37
1 55 43
2 29 8
3 6 41
4 92 39
5 73 45
6 29 15
7 50 57
8 51 8
9 32 9
10 40 40
11 52 9
12 60 14
13 90 23
14 66 37
15 11 3
16 7 11
17 26 37
18 5 46
19 5 17
20 28 8
21 28 23
22 35 19
23 36 30
24 92 12
25 33 17
26 98 28
27 43 20
28 5 23
29 98 21
30 64 42
31 40 23
32 81 8
33 5 49
34 46 9
35 32 10
36 66 2
37 36 22
38 43 9
39 25 9
40 23 31
41 98 46
42 66 38
43 13 9
44 92 35
45 97 17
46 39 31
47 27 44
48 78 17
49 25 22
0 83 23
1 66 44
2 90 45
3 57 43
4 74 39
5 39 21
6 44 23
7 89 11
8 30 6
9 20 12
10 73 31
11 68 11
12 19 36
13 2 3
14 54 22
15 65 9
16 41 13
17 4 24
18 12 54
19 57 19
20 94 56
21 7 46
22 31 30
23 3 35
24 62 56
25 98 8
26 16 16
27 13 52
28 77 16
29 84 55
30 89 37
31 54 3
32 28 40
33 36 45
34 22 11
35 88 22
36 49 31
37 95 34
38 38 55
39 42 37
40 79 10
41 12 27
42 92 11
43 62 44
44 93 52
45 95 33
46 45 54
47 22 6
48 73 2
49 54 46
0 39 44
1 68 57
2 16 1
3 41 39
4 84 55
5 32 19
6 57 11
7 71 31
8 27 13
9 38 25
10 56 28
11 78 49
12 92 50
13 60 31
14 32 38
15 80 3
16 68 55
17 36 32
18 29 37
19 59 14
20 88 13
21 69 10
22 6 5
23 18 22
24 89 56
25 28 56
26 24 19
27 87 14
28 17 3
29 96 21
30 94 23
31 87 13
32 37 40
33 12 23
34 89 52
35 94 1
36 80 43
37 90 4
38 66 31
39 86 57
40 77 51
41 22 3
42 8 12
43 31 42
44 55 57
45 42 13
46 3 45
47 24 54
48 77 45
49 84 45
0 64 9
1 91 20
2 14 57
3 41 13
4 46 8
5 56 16
6 23 30
7 23 26
8 62 29
9 14 56
10 78 12
11 32 17
12 3 10
13 28 15
14 21 41
15 28 22
16 23 15
17 94 48
18 77 47
19 7 46
20 68 11
21 26 41
22 83 14
23 91 20
24 44 46
25 37 12
26 10 56
27 3 58
28 10 26
29 58 7
30 87 44
31 86 57
32 25 46
33 6 8
34 82 31
35 82 18
36 3 43
37 38 6
38 47 44
39 36 37
40 18 3
41 18 19
42 68 56
43 13 31
44 98 34
45 3 2
46 59 57
47 75 13
48 88 51
49 23 45
0 63 3
1 72 4
2 92 52
3 37 37
4 57 44
5 54 41
6 79 47
7 37 6
8 77 40
9 79 38
10 11 12
11 97 48
12 66 37
13 41 21
14 45 19
15 5 30
16 60 39
17 85 6
18 28 36
19 61 46
20 48 7
21 2 2
22 80 10
23 6 3
24 8 34
25 91 7
26 32 5
27 46 55
28 71 19
29 79 18
30 9 41
31 60 42
32 52 21
33 70 57
34 27 21
35 82 30
36 60 39
37 32 13
38 22 36
39 17 42
40 38 14
41 50 10
42 2 56
43 11 50
44 96 31
45 46 17
46 88 23
47 80 34
48 93 42
49 71 22
0 56 23
1 84 48
2 92 24
3 55 32
4 82 15
5 59 22
6 43 3
7 62 40
8 6 18
9 15 21
10 61 2
11 27 22
12 32 7
13 6 43
14 11 42
15 87 27
16 70 17
17 6 44
18 62 3
19 47 16
20 95 30
21 99 17
22 74 45
23 11 50
24 76 29
25 9 41
26 88 29
27 40 17
28 41 18
29 56 16
30 33 40
31 71 41
32 51 27
33 95 28
34 62 38
35 30 7
36 30 15
37 64 41
38 87 45
39 26 54
40 25 25
41 17 11
42 43 39
43 35 31
44 11 56
45 94 23
46 75 22
47 95 35
48 25 13
49 85 25
0 96 51
1 28 8
2 47 7
3 90 39
4 41 57
5 79 58
6 99 22
7 30 28
8 20 16
9 79 4
10 74 8
11 24 19
12 67 45
13 81 57
14 91 12
15 84 46
16 12 4
17 8 25
18 72 30
19 37 14
20 45 20
21 20 20
22 33 23
23 43 23
24 73 54
25 42 20
26 76 47
27 40 39
28 14 57
29 77 3
30 53 28
31 20 13
32 45 10
33 3 33
34 31 15
35 62 29
36 61 32
37 23 1
38 45 21
39 72 13
40 34 5
41 23 28
42 95 31
43 77 14
44 75 46
45 97 8
46 62 4
47 93 52
48 2 32
49 9 56
0 68 27
1 21 17
2 28 18
3 13 52
4 69 40
5 97 34
6 11 35
7 60 30
8 95 16
9 23 55
10 12 56
11 66 43
12 75 9
13 33 27
14 80 41
15 35 22
16 48 19
17 55 38
18 57 22
19 95 41
20 95 50
21 72 47
22 67 13
23 79 44
24 15 4
25 12 2
26 43 54
27 55 8
28 31 16
29 4 47
30 95 25
31 17 43
32 13 9
33 71 43
34 90 1
35 18 13
36 59 41
37 44 36
38 87 8
39 16 58
40 48 31
41 20 4
42 59 8
43 27 3
44 41 54
45 9 47
46 53 45
47 88 15
48 95 28
49 84 32
0 21 56
1 35 41
2 70 22
3 28 30
4 40 29
5 72 27
6 14 55
7 61 23
8 89 57
9 74 13
10 78 15
11 94 23
12 14 19
13 6 43
14 42 31
15 75 40
16 95 57
17 42 16
18 4 18
19 89 6
20 48 37
21 25 14
22 28 29
23 83 43
24 50 17
25 47 23
26 96 57
27 89 26
28 28 2
29 27 26
30 61 2
31 48 58
32 59 11
33 14 24
34 4 52
35 64 3
36 77 16
37 59 45
38 21 26
39 68 15
40 55 21
41 97 5
42 55 2
43 79 40
44 8 47
45 70 56
46 63 22
47 16 11
48 6 33
49 6 5
