0 158 166
1 780 53
2 532 144
3 914 189
4 767 279
5 787 287
6 448 397
7 182 43
8 406 100
9 357 573
0 172 34
1 921 46
2 765 173
3 709 449
4 17 432
5 102 545
6 330 449
7 242 570
8 474 44
9 659 245
0 715 583
1 16 588
2 202 216
3 986 326
4 808 52
5 500 386
6 93 155
7 914 200
8 505 419
9 602 170
0 377 527
1 998 566
2 397 219
3 824 35
4 386 124
5 309 480
6 366 331
7 780 535
8 999 489
9 988 431
0 975 451
1 305 540
2 663 441
3 241 44
4 384 357
5 260 235
6 94 552
7 903 200
8 222 173
9 578 591
0 971 433
1 917 156
2 315 547
3 358 72
4 38 482
5 137 595
6 8 418
7 364 23
8 35 196
9 248 199
0 976 188
1 842 125
2 231 166
3 45 428
4 281 124
5 252 247
6 196 276
7 27 454
8 752 150
9 36 181
0 595 247
1 995 583
2 636 86
3 306 112
4 220 28
5 441 435
6 307 327
7 64 543
8 581 22
9 816 514
0 481 477
1 234 419
2 842 77
3 764 424
4 772 483
5 740 543
6 465 387
7 370 308
8 118 562
9 195 597
0 716 538
1 79 151
2 504 88
3 958 69
4 387 560
5 47 204
6 989 282
7 301 230
8 308 44
9 725 446
