0 94 30
1 56 36
2 30 17
3 78 18
4 85 34
5 58 29
6 8 37
7 59 55
8 59 12
9 12 12
10 34 25
11 16 12
12 62 14
13 30 8
14 6 33
15 17 5
16 70 18
17 39 14
18 39 37
19 32 39
20 87 16
21 76 57
22 81 17
23 36 53
24 19 56
25 90 8
26 80 10
27 5 5
28 96 18
29 32 56
0 94 24
1 73 49
2 86 33
3 54 42
4 34 13
5 17 13
6 5 16
7 48 46
8 79 10
9 9 25
10 16 2
11 93 35
12 87 38
13 61 15
14 67 42
15 41 16
16 61 19
17 6 3
18 35 28
19 96 56
20 2 41
21 42 43
22 6 56
23 85 2
24 55 38
25 23 54
26 63 10
27 81 46
28 59 58
29 39 28
0 14 44
1 36 24
2 94 20
3 77 21
4 32 13
5 42 31
6 84 34
7 91 27
8 44 22
9 6 42
10 47 55
11 37 25
12 96 21
13 97 35
14 27 39
15 93 8
16 81 52
17 25 2
18 10 11
19 30 22
20 52 2
21 49 54
22 30 10
23 56 57
24 35 56
25 47 46
26 9 54
27 50 8
28 27 38
29 66 54
0 8 34
1 98 26
2 97 20
3 44 56
4 9 48
5 25 31
6 16 30
7 97 25
8 80 4
9 4 55
10 87 14
11 93 2
12 88 21
13 5 33
14 59 37
15 96 6
16 85 41
17 18 29
18 52 9
19 98 53
20 89 54
21 90 10
22 15 46
23 16 6
24 96 10
25 77 45
26 26 54
27 8 4
28 75 55
29 92 33
0 77 57
1 79 30
2 79 4
3 76 20
4 23 29
5 8 54
6 74 55
7 28 4
8 35 21
9 24 1
10 35 2
11 99 35
12 18 2
13 54 23
14 42 13
15 75 38
16 46 29
17 66 55
18 28 13
19 96 38
20 79 48
21 89 8
22 51 45
23 56 39
24 47 14
25 57 56
26 38 28
27 95 10
28 39 2
29 81 23
0 48 42
1 18 2
2 57 57
3 46 46
4 23 22
5 11 29
6 78 42
7 28 19
8 79 32
9 13 8
10 49 19
11 93 34
12 73 42
13 95 21
14 44 2
15 13 56
16 70 3
17 21 31
18 81 51
19 80 15
20 18 13
21 96 42
22 14 21
23 88 2
24 11 24
25 5 36
26 75 1
27 32 56
28 91 43
29 15 3
0 64 22
1 85 30
2 28 5
3 23 21
4 55 20
5 22 27
6 86 53
7 91 8
8 59 45
9 10 27
10 18 15
11 7 11
12 11 6
13 15 58
14 9 31
15 51 8
16 25 56
17 84 34
18 36 39
19 78 48
20 72 47
21 5 52
22 82 36
23 17 15
24 58 55
25 3 5
26 96 49
27 34 55
28 46 2
29 69 37
0 77 57
1 16 24
2 71 12
3 36 6
4 81 45
5 39 31
6 87 31
7 51 41
8 83 39
9 71 21
10 27 14
11 97 55
12 82 31
13 24 18
14 42 55
15 95 8
16 30 25
17 95 54
18 74 41
19 11 9
20 94 43
21 98 34
22 19 3
23 69 22
24 37 47
25 45 57
26 25 28
27 21 40
28 78 55
29 98 30
0 62 20
1 85 55
2 82 56
3 46 30
4 53 2
5 94 44
6 80 7
7 5 34
8 35 30
9 38 44
10 85 57
11 91 43
12 39 41
13 97 31
14 3 6
15 72 39
16 57 39
17 52 31
18 15 34
19 83 24
20 54 40
21 72 22
22 3 3
23 25 43
24 92 45
25 99 53
26 76 42
27 40 18
28 83 36
29 85 40
0 37 47
1 59 57
2 13 37
3 63 45
4 6 30
5 93 39
6 15 36
7 98 38
8 25 16
9 28 10
10 88 24
11 40 16
12 15 54
13 80 12
14 18 46
15 33 2
16 73 48
17 7 29
18 21 32
19 35 26
20 70 57
21 58 17
22 96 50
23 71 2
24 32 4
25 60 39
26 91 54
27 13 45
28 41 1
29 13 30
0 26 29
1 37 48
2 70 29
3 3 11
4 5 39
5 8 5
6 80 49
7 11 18
8 51 41
9 93 9
10 32 27
11 18 11
12 13 23
13 62 22
14 56 21
15 93 15
16 11 24
17 99 15
18 41 44
19 52 2
20 87 40
21 13 43
22 40 19
23 3 34
24 14 44
25 98 22
26 5 18
27 90 41
28 43 14
29 44 18
0 38 16
1 13 42
2 36 12
3 50 44
4 67 55
5 11 50
6 73 52
7 53 44
8 34 13
9 22 37
10 87 56
11 8 39
12 68 46
13 98 21
14 93 7
15 85 13
16 11 37
17 5 30
18 98 24
19 4 24
20 55 31
21 92 11
22 18 14
23 80 53
24 87 43
25 9 2
26 39 18
27 37 5
28 42 42
29 51 30
0 25 22
1 41 2
2 54 17
3 90 33
4 90 47
5 52 15
6 92 26
7 33 41
8 88 3
9 67 39
10 70 21
11 85 2
12 89 20
13 29 13
14 84 22
15 26 25
16 87 22
17 83 3
18 10 57
19 96 47
20 89 28
21 21 32
22 88 2
23 6 40
24 63 28
25 5 44
26 55 42
27 43 45
28 5 51
29 4 29
0 18 20
1 40 16
2 44 30
3 85 39
4 90 50
5 18 22
6 37 54
7 12 20
8 71 9
9 35 57
10 8 3
11 61 29
12 21 2
13 96 22
14 43 41
15 36 23
16 9 49
17 64 9
18 35 26
19 92 50
20 84 1
21 92 56
22 28 25
23 6 2
24 59 40
25 70 55
26 77 47
27 91 26
28 26 43
29 38 41
0 56 56
1 57 9
2 56 58
3 30 29
4 45 45
5 5 50
6 89 54
7 26 42
8 31 15
9 96 5
10 73 42
11 37 17
12 87 33
13 69 43
14 22 40
15 60 19
16 10 13
17 45 31
18 26 28
19 9 38
20 6 24
21 12 28
22 31 38
23 93 54
24 44 30
25 35 20
26 4 50
27 6 21
28 64 45
29 69 38
0 61 7
1 50 44
2 28 44
3 94 8
4 4 18
5 19 35
6 28 2
7 91 14
8 58 21
9 57 15
10 64 17
11 47 8
12 63 30
13 99 53
14 91 53
15 2 16
16 32 15
17 45 7
18 57 45
19 34 41
20 60 44
21 34 17
22 33 15
23 79 24
24 80 13
25 86 44
26 53 45
27 85 6
28 9 12
29 6 35
0 89 41
1 74 17
2 43 22
3 3 29
4 31 23
5 79 41
6 64 10
7 89 24
8 52 56
9 57 29
10 62 40
11 46 16
12 97 38
13 32 15
14 94 11
15 76 31
16 72 29
17 86 23
18 29 39
19 82 20
20 31 11
21 89 27
22 4 37
23 5 23
24 30 55
25 90 46
26 57 13
27 47 41
28 44 54
29 9 21
0 5 20
1 31 38
2 69 40
3 90 42
4 69 13
5 95 8
6 94 27
7 11 19
8 54 31
9 93 25
10 80 50
11 24 16
12 57 40
13 25 30
14 25 30
15 87 52
16 58 8
17 8 4
18 72 19
19 11 44
20 35 23
21 53 28
22 50 17
23 90 5
24 98 54
25 93 14
26 31 54
27 9 9
28 55 56
29 5 47
0 31 30
1 58 19
2 20 29
3 17 16
4 3 7
5 49 41
6 24 21
7 3 33
8 22 5
9 52 56
10 26 4
11 25 56
12 6 14
13 8 43
14 48 28
15 70 44
16 35 39
17 58 37
18 12 48
19 35 2
20 25 25
21 68 17
22 18 30
23 16 41
24 73 20
25 28 26
26 20 56
27 35 16
28 75 36
29 73 55
0 88 9
1 91 12
2 61 16
3 64 38
4 10 25
5 11 21
6 23 22
7 84 46
8 18 57
9 16 28
10 66 44
11 40 3
12 17 25
13 35 2
14 46 45
15 52 56
16 35 46
17 95 29
18 41 36
19 92 39
20 31 29
21 20 4
22 61 56
23 9 4
24 89 45
25 65 19
26 30 30
27 10 43
28 81 35
29 86 11
0 2 41
1 60 42
2 19 20
3 66 2
4 11 23
5 79 45
6 76 22
7 32 46
8 91 38
9 23 22
10 4 18
11 24 25
12 23 24
13 82 44
14 11 28
15 98 16
16 64 43
17 96 19
18 8 43
19 82 21
20 88 2
21 90 18
22 7 26
23 80 57
24 5 22
25 49 16
26 75 19
27 8 55
28 94 4
29 59 55
0 4 8
1 63 44
2 38 40
3 58 28
4 59 45
5 17 9
6 90 18
7 4 13
8 89 57
9 81 56
10 8 36
11 23 18
12 85 23
13 79 4
14 27 7
15 33 55
16 94 19
17 73 52
18 31 16
19 92 8
20 77 17
21 49 18
22 22 24
23 73 42
24 59 18
25 37 47
26 67 2
27 22 38
28 48 44
29 20 6
0 89 35
1 41 55
2 93 49
3 27 18
4 93 24
5 49 39
6 79 26
7 71 42
8 6 52
9 5 25
10 24 41
11 27 30
12 81 43
13 33 11
14 93 33
15 6 51
16 20 8
17 62 54
18 75 43
19 9 23
20 11 3
21 93 5
22 61 41
23 84 28
24 4 46
25 2 3
26 78 19
27 7 48
28 4 40
29 12 9
0 22 55
1 72 18
2 95 5
3 33 46
4 84 37
5 88 29
6 87 29
7 39 7
8 44 16
9 98 24
10 51 30
11 79 1
12 16 56
13 85 19
14 28 11
15 67 31
16 12 14
17 12 18
18 59 28
19 68 2
20 16 41
21 48 30
22 17 6
23 85 26
24 67 2
25 50 54
26 29 29
27 46 21
28 50 44
29 37 14
0 75 29
1 41 42
2 50 30
3 87 35
4 84 32
5 16 11
6 24 8
7 81 7
8 26 17
9 34 22
10 22 31
11 88 47
12 15 22
13 65 30
14 4 11
15 90 34
16 4 7
17 95 23
18 71 54
19 80 33
20 82 23
21 75 37
22 29 9
23 20 29
24 4 7
25 83 12
26 89 26
27 37 37
28 90 31
29 71 15
0 97 50
1 37 7
2 36 57
3 42 23
4 44 41
5 12 33
6 7 35
7 90 47
8 19 40
9 72 52
10 5 16
11 42 16
12 66 42
13 4 38
14 19 44
15 51 55
16 76 16
17 6 51
18 77 20
19 26 13
20 72 28
21 91 45
22 85 48
23 27 36
24 34 19
25 46 56
26 66 45
27 44 44
28 4 35
29 12 21
0 32 4
1 67 27
2 22 27
3 20 5
4 72 54
5 45 14
6 68 37
7 87 29
8 10 5
9 44 20
10 82 23
11 26 19
12 2 36
13 18 11
14 26 1
15 6 23
16 51 8
17 33 17
18 43 18
19 65 28
20 81 29
21 27 44
22 80 17
23 56 20
24 35 24
25 31 37
26 3 19
27 87 15
28 27 24
29 42 56
0 84 37
1 69 28
2 13 24
3 45 9
4 43 31
5 82 20
6 47 20
7 16 14
8 3 50
9 68 23
10 2 33
11 56 18
12 43 42
13 4 14
14 92 28
15 69 43
16 15 38
17 19 36
18 25 6
19 54 56
20 98 8
21 18 33
22 12 43
23 32 23
24 76 56
25 37 13
26 86 5
27 10 18
28 7 27
29 33 29
0 50 16
1 50 8
2 66 2
3 3 40
4 30 15
5 11 33
6 83 6
7 8 34
8 78 45
9 21 56
10 58 3
11 17 22
12 76 16
13 72 44
14 5 37
15 3 42
16 9 32
17 59 18
18 8 21
19 64 38
20 15 16
21 48 29
22 2 15
23 79 4
24 7 55
25 13 13
26 50 16
27 76 2
28 27 29
29 54 42
0 10 30
1 19 44
2 95 49
3 16 32
4 69 28
5 34 8
6 12 11
7 90 33
8 55 41
9 88 57
10 66 30
11 53 42
12 36 22
13 84 46
14 86 31
15 12 4
16 80 34
17 73 9
18 27 20
19 30 1
20 45 44
21 55 37
22 76 29
23 3 4
24 39 40
25 84 27
26 17 16
27 51 57
28 87 29
29 83 44
