0 31 12
1 83 58
2 54 42
3 15 1
4 23 18
5 89 49
6 43 56
7 11 20
8 48 9
9 6 25
10 82 32
11 50 55
12 76 31
13 79 53
14 94 46
15 75 37
16 20 46
17 58 54
18 13 14
19 90 28
20 3 53
21 59 42
22 87 6
23 40 54
24 67 39
25 21 10
26 2 55
27 41 18
28 66 30
29 42 41
30 80 2
31 9 6
32 38 41
33 80 8
34 31 26
35 58 22
36 59 58
37 3 23
38 32 7
39 34 8
40 73 14
41 69 40
42 20 23
43 64 44
44 97 56
45 1 34
46 94 45
47 18 44
48 96 50
49 97 2
0 80 37
1 55 43
2 29 8
3 6 41
4 92 39
5 73 45
6 29 15
7 50 57
8 51 8
9 32 9
10 40 40
11 52 9
12 60 14
13 90 23
14 66 37
15 11 3
16 7 11
17 26 37
18 5 46
19 5 17
20 28 8
21 28 23
22 35 19
23 36 30
24 92 12
25 33 17
26 98 28
27 43 20
28 5 23
29 98 21
30 64 42
31 40 23
32 81 8
33 5 49
34 46 9
35 32 10
36 66 2
37 36 22
38 43 9
39 25 9
40 23 31
41 98 46
42 66 38
43 13 9
44 92 35
45 97 17
46 39 31
47 27 44
48 78 17
49 25 22
0 83 23
1 66 44
2 90 45
3 57 43
4 74 39
5 39 21
6 44 23
7 89 11
8 30 6
9 20 12
10 73 31
11 68 11
12 19 36
13 2 3
14 54 22
15 65 9
16 41 13
17 4 24
18 12 54
19 57 19
20 94 56
21 7 46
22 31 30
23 3 35
24 62 56
25 98 8
26 16 16
27 13 52
28 77 16
29 84 55
30 89 37
31 54 3
32 28 40
33 36 45
34 22 11
35 88 22
36 49 31
37 95 34
38 38 55
39 42 37
40 79 10
41 12 27
42 92 11
43 62 44
44 93 52
45 95 33
46 45 54
47 22 6
48 73 2
49 54 46
0 39 44
1 68 57
2 16 1
3 41 39
4 84 55
5 32 19
6 57 11
7 71 31
8 27 13
9 38 25
10 56 28
11 78 49
12 92 50
13 60 31
14 32 38
15 80 3
16 68 55
17 36 32
18 29 37
19 59 14
20 88 13
21 69 10
22 6 5
23 18 22
24 89 56
25 28 56
26 24 19
27 87 14
28 17 3
29 96 21
30 94 23
31 87 13
32 37 40
33 12 23
34 89 52
35 94 1
36 80 43
37 90 4
38 66 31
39 86 57
40 77 51
41 22 3
42 8 12
43 31 42
44 55 57
45 42 13
46 3 45
47 24 54
48 77 45
49 84 45
0 64 9
1 91 20
2 14 57
3 41 13
4 46 8
5 56 16
6 23 30
7 23 26
8 62 29
9 14 56
10 78 12
11 32 17
12 3 10
13 28 15
14 21 41
15 28 22
16 23 15
17 94 48
18 77 47
19 7 46
20 68 11
21 26 41
22 83 14
23 91 20
24 44 46
25 37 12
26 10 56
27 3 58
28 10 26
29 58 7
30 87 44
31 86 57
32 25 46
33 6 8
34 82 31
35 82 18
36 3 43
37 38 6
38 47 44
39 36 37
40 18 3
41 18 19
42 68 56
43 13 31
44 98 34
45 3 2
46 59 57
47 75 13
48 88 51
49 23 45
0 63 3
1 72 4
2 92 52
3 37 37
4 57 44
5 54 41
6 79 47
7 37 6
8 77 40
9 79 38
10 11 12
11 97 48
12 66 37
13 41 21
14 45 19
15 5 30
16 60 39
17 85 6
18 28 36
19 61 46
20 48 7
21 2 2
22 80 10
23 6 3
24 8 34
25 91 7
26 32 5
27 46 55
28 71 19
29 79 18
30 9 41
31 60 42
32 52 21
33 70 57
34 27 21
35 82 30
36 60 39
37 32 13
38 22 36
39 17 42
40 38 14
41 50 10
42 2 56
43 11 50
44 96 31
45 46 17
46 88 23
47 80 34
48 93 42
49 71 22
0 56 23
1 84 48
2 92 24
3 55 32
4 82 15
5 59 22
6 43 3
7 62 40
8 6 18
9 15 21
10 61 2
11 27 22
12 32 7
13 6 43
14 11 42
15 87 27
16 70 17
17 6 44
18 62 3
19 47 16
20 95 30
21 99 17
22 74 45
23 11 50
24 76 29
25 9 41
26 88 29
27 40 17
28 41 18
29 56 16
30 33 40
31 71 41
32 51 27
33 95 28
34 62 38
35 30 7
36 30 15
37 64 41
38 87 45
39 26 54
40 25 25
41 17 11
42 43 39
43 35 31
44 11 56
45 94 23
46 75 22
47 95 35
48 25 13
49 85 25
0 96 51
1 28 8
2 47 7
3 90 39
4 41 57
5 79 58
6 99 22
7 30 28
8 20 16
9 79 4
10 74 8
11 24 19
12 67 45
13 81 57
14 91 12
15 84 46
16 12 4
17 8 25
18 72 30
19 37 14
20 45 20
21 20 20
22 33 23
23 43 23
24 73 54
25 42 20
26 76 47
27 40 39
28 14 57
29 77 3
30 53 28
31 20 13
32 45 10
33 3 33
34 31 15
35 62 29
36 61 32
37 23 1
38 45 21
39 72 13
40 34 5
41 23 28
42 95 31
43 77 14
44 75 46
45 97 8
46 62 4
47 93 52
48 2 32
49 9 56
0 68 27
1 21 17
2 28 18
3 13 52
4 69 40
5 97 34
6 11 35
7 60 30
8 95 16
9 23 55
10 12 56
11 66 43
12 75 9
13 33 27
14 80 41
15 35 22
16 48 19
17 55 38
18 57 22
19 95 41
20 95 50
21 72 47
22 67 13
23 79 44
24 15 4
25 12 2
26 43 54
27 55 8
28 31 16
29 4 47
30 95 25
31 17 43
32 13 9
33 71 43
34 90 1
35 18 13
36 59 41
37 44 36
38 87 8
39 16 58
40 48 31
41 20 4
42 59 8
43 27 3
44 41 54
45 9 47
46 53 45
47 88 15
48 95 28
49 84 32
0 21 56
1 35 41
2 70 22
3 28 30
4 40 29
5 72 27
6 14 55
7 61 23
8 89 57
9 74 13
10 78 15
11 94 23
12 14 19
13 6 43
14 42 31
15 75 40
16 95 57
17 42 16
18 4 18
19 89 6
20 48 37
21 25 14
22 28 29
23 83 43
24 50 17
25 47 23
26 96 57
27 89 26
28 28 2
29 27 26
30 61 2
31 48 58
32 59 11
33 14 24
34 4 52
35 64 3
36 77 16
37 59 45
38 21 26
39 68 15
40 55 21
41 97 5
42 55 2
43 79 40
44 8 47
45 70 56
46 63 22
47 16 11
48 6 33
49 6 5
0 72 15
1 16 14
2 81 18
3 55 9
4 53 20
5 25 57
6 39 31
7 50 19
8 80 23
9 1 33
10 94 10
11 12 25
12 87 55
13 66 19
14 68 15
15 34 46
16 32 21
17 63 29
18 93 37
19 63 12
20 28 8
21 50 1
22 49 16
23 33 29
24 5 5
25 25 27
26 96 26
27 71 47
28 93 38
29 86 3
30 78 17
31 22 16
32 92 37
33 53 57
34 91 23
35 48 1
36 76 55
37 5 19
38 63 40
39 11 41
40 44 16
41 7 49
42 64 30
43 8 33
44 43 31
45 94 9
46 20 22
47 49 17
48 86 38
49 68 22
0 93 49
1 4 9
2 11 43
3 14 28
4 95 38
5 33 13
6 37 57
7 54 28
8 94 22
9 85 58
10 16 53
11 8 40
12 96 37
13 88 31
14 63 38
15 89 3
16 11 54
17 94 56
18 5 42
19 97 36
20 96 2
21 82 21
22 89 48
23 61 31
24 8 57
25 72 43
26 84 39
27 27 21
28 82 4
29 2 40
30 64 9
31 14 55
32 72 48
33 98 54
34 6 23
35 6 51
36 85 27
37 34 44
38 90 41
39 86 51
40 20 44
41 64 37
42 53 32
43 78 23
44 9 30
45 91 33
46 60 46
47 28 25
48 65 30
49 3 55
0 33 24
1 62 31
2 84 18
3 98 37
4 17 27
5 91 16
6 35 22
7 38 29
8 11 2
9 47 46
10 53 14
11 3 10
12 58 8
13 95 24
14 48 23
15 15 54
16 87 39
17 68 15
18 46 39
19 3 22
20 6 9
21 21 46
22 21 22
23 10 5
24 80 34
25 49 55
26 98 2
27 8 44
28 45 42
29 64 31
30 97 40
31 25 11
32 2 27
33 92 1
34 37 11
35 52 18
36 75 37
37 7 33
38 9 46
39 84 38
40 20 44
41 9 23
42 14 11
43 36 54
44 84 49
45 77 57
46 47 46
47 64 54
48 46 14
49 96 50
0 66 18
1 97 42
2 68 39
3 95 40
4 2 10
5 16 37
6 28 1
7 75 12
8 84 23
9 66 43
10 67 8
11 6 26
12 58 55
13 83 56
14 33 47
15 75 28
16 37 16
17 91 27
18 90 5
19 16 27
20 33 28
21 58 14
22 82 52
23 42 3
24 9 8
25 4 7
26 73 21
27 33 55
28 82 1
29 12 57
30 84 10
31 39 39
32 58 40
33 36 48
34 20 43
35 78 50
36 91 48
37 47 43
38 73 23
39 62 15
40 94 29
41 4 30
42 96 41
43 25 46
44 86 28
45 37 54
46 81 17
47 41 43
48 8 22
49 72 42
0 41 14
1 14 15
2 97 56
3 59 28
4 55 18
5 82 25
6 88 34
7 21 3
8 59 43
9 35 57
10 31 1
11 94 54
12 73 38
13 15 5
14 98 43
15 55 22
16 61 17
17 73 36
18 76 30
19 17 41
20 90 14
21 25 22
22 57 16
23 90 18
24 66 13
25 62 43
26 28 14
27 95 51
28 39 53
29 27 58
30 28 57
31 71 28
32 40 15
33 78 17
34 31 57
35 86 55
36 58 42
37 81 55
38 8 57
39 92 28
40 17 54
41 37 58
42 67 23
43 44 55
44 95 4
45 40 31
46 77 40
47 57 20
48 68 30
49 56 14
0 14 25
1 76 43
2 12 37
3 37 41
4 10 25
5 44 13
6 99 47
7 85 39
8 85 25
9 9 6
10 67 3
11 82 24
12 97 33
13 9 17
14 70 42
15 81 55
16 93 14
17 73 27
18 18 14
19 72 32
20 20 19
21 5 29
22 83 55
23 25 43
24 30 24
25 79 57
26 47 18
27 24 8
28 98 40
29 16 13
30 14 41
31 58 10
32 65 57
33 90 41
34 46 14
35 78 44
36 45 55
37 19 5
38 20 46
39 40 21
40 32 11
41 77 51
42 40 11
43 35 8
44 63 11
45 49 16
46 33 23
47 80 44
48 49 42
49 85 38
0 91 41
1 38 6
2 85 10
3 10 37
4 51 13
5 91 56
6 88 36
7 78 54
8 88 6
9 70 39
10 36 7
11 70 46
12 10 48
13 15 25
14 78 30
15 16 5
16 65 14
17 94 45
18 43 29
19 92 4
20 10 31
21 62 3
22 74 56
23 24 5
24 34 30
25 43 28
26 85 20
27 85 56
28 94 37
29 28 6
30 27 57
31 85 19
32 59 31
33 70 28
34 96 57
35 17 43
36 35 26
37 41 56
38 48 2
39 46 54
40 11 37
41 64 9
42 26 6
43 74 48
44 16 34
45 24 57
46 34 17
47 98 47
48 17 9
49 92 46
0 41 16
1 86 40
2 87 50
3 40 13
4 38 44
5 70 22
6 28 4
7 97 28
8 90 41
9 24 39
10 15 33
11 28 4
12 11 2
13 56 28
14 97 31
15 8 1
16 45 37
17 14 21
18 47 56
19 92 38
20 59 17
21 14 56
22 9 45
23 31 42
24 61 45
25 97 44
26 90 41
27 12 6
28 13 35
29 38 51
30 89 54
31 90 51
32 73 55
33 4 8
34 92 25
35 6 5
36 63 54
37 54 29
38 62 32
39 65 58
40 3 12
41 59 29
42 91 3
43 8 33
44 68 21
45 10 36
46 1 34
47 16 1
48 77 20
49 70 54
0 64 3
1 30 1
2 84 49
3 53 13
4 51 43
5 97 2
6 26 57
7 74 48
8 50 8
9 14 33
10 8 5
11 36 21
12 18 46
13 93 2
14 9 51
15 17 37
16 83 26
17 88 44
18 16 9
19 48 22
20 54 43
21 76 40
22 28 54
23 46 46
24 28 17
25 85 37
26 11 45
27 51 15
28 3 38
29 33 9
30 92 29
31 21 3
32 34 10
33 62 42
34 48 15
35 24 16
36 45 43
37 73 15
38 89 8
39 92 15
40 93 12
41 21 13
42 65 37
43 24 21
44 12 34
45 74 29
46 41 2
47 46 23
48 36 37
49 65 30
0 32 45
1 45 44
2 51 14
3 96 4
4 3 35
5 97 52
6 64 41
7 58 43
8 91 28
9 98 41
10 3 16
11 84 2
12 76 44
13 12 45
14 32 43
15 25 3
16 37 5
17 8 52
18 97 17
19 80 32
20 15 9
21 74 48
22 12 9
23 88 43
24 66 14
25 55 42
26 36 37
27 8 15
28 47 29
29 27 37
30 89 44
31 60 18
32 35 23
33 93 21
34 90 42
35 29 2
36 54 37
37 13 25
38 97 9
39 45 8
40 50 11
41 42 23
42 85 29
43 13 18
44 80 13
45 89 37
46 37 20
47 79 38
48 5 29
49 27 58
0 53 14
1 45 38
2 10 47
3 90 21
4 88 44
5 28 24
6 8 26
7 79 44
8 29 39
9 39 57
10 69 23
11 73 46
12 87 37
13 38 48
14 42 32
15 16 21
16 28 14
17 51 31
18 3 12
19 67 21
20 96 40
21 14 20
22 39 10
23 38 31
24 19 2
25 75 42
26 38 12
27 54 21
28 90 22
29 1 40
30 84 42
31 27 57
32 69 41
33 93 56
34 18 19
35 4 29
36 78 21
37 28 45
38 55 38
39 4 5
40 5 9
41 6 5
42 40 16
43 10 44
44 71 55
45 37 47
46 82 10
47 70 29
48 25 43
49 17 40
0 97 53
1 15 25
2 37 24
3 13 23
4 95 21
5 89 27
6 90 10
7 26 31
8 3 13
9 45 54
10 31 37
11 54 56
12 6 51
13 26 20
14 48 54
15 5 32
16 4 14
17 27 17
18 73 42
19 40 53
20 58 42
21 90 52
22 40 19
23 66 58
24 89 38
25 2 36
26 45 12
27 81 11
28 44 9
29 46 56
30 75 53
31 63 22
32 22 44
33 34 19
34 15 46
35 91 29
36 40 10
37 30 19
38 94 5
39 41 21
40 74 14
41 79 5
42 93 19
43 18 27
44 33 25
45 88 36
46 77 3
47 22 3
48 60 54
49 39 45
0 35 17
1 41 1
2 74 3
3 12 37
4 61 20
5 36 40
6 67 36
7 74 55
8 88 15
9 27 42
10 74 15
11 79 29
12 42 9
13 49 21
14 85 12
15 99 56
16 10 53
17 46 20
18 21 38
19 76 57
20 94 6
21 8 53
22 78 3
23 71 23
24 19 42
25 88 49
26 58 22
27 61 44
28 74 15
29 10 38
30 56 56
31 28 31
32 49 38
33 30 58
34 92 31
35 13 2
36 49 4
37 6 11
38 41 18
39 29 39
40 19 17
41 33 31
42 18 12
43 3 24
44 3 56
45 67 43
46 93 43
47 4 47
48 87 27
49 76 23
0 12 11
1 65 32
2 62 38
3 79 14
4 12 20
5 11 22
6 7 24
7 15 42
8 45 31
9 15 40
10 78 23
11 3 49
12 35 36
13 89 25
14 73 48
15 82 31
16 87 47
17 8 16
18 9 6
19 65 9
20 37 56
21 17 21
22 42 41
23 98 29
24 5 10
25 35 2
26 49 15
27 7 54
28 89 50
29 10 6
30 69 40
31 86 3
32 90 38
33 99 20
34 48 36
35 57 21
36 59 8
37 18 4
38 39 28
39 21 2
40 6 43
41 39 54
42 12 51
43 94 43
44 78 41
45 7 6
46 60 18
47 83 31
48 57 20
49 58 22
0 21 40
1 93 18
2 13 43
3 64 44
4 12 46
5 25 55
6 98 45
7 94 24
8 19 13
9 49 2
10 41 30
11 8 53
12 36 4
13 87 31
14 49 36
15 39 3
16 65 55
17 83 6
18 67 8
19 74 44
20 80 8
21 70 15
22 12 39
23 74 20
24 65 1
25 80 43
26 94 25
27 17 39
28 46 18
29 18 11
30 23 4
31 31 20
32 88 28
33 58 12
34 68 28
35 71 38
36 40 27
37 50 17
38 87 6
39 94 3
40 89 39
41 3 58
42 8 18
43 81 6
44 88 30
45 57 54
46 80 9
47 25 47
48 63 1
49 32 15
0 2 36
1 63 28
2 8 50
3 67 38
4 30 13
5 14 14
6 12 23
7 74 38
8 31 54
9 12 6
10 93 47
11 59 19
12 33 26
13 12 39
14 21 30
15 67 56
16 48 20
17 15 21
18 8 36
19 27 45
20 2 44
21 52 37
22 28 45
23 86 6
24 50 42
25 70 40
26 65 1
27 92 52
28 96 30
29 82 22
30 59 29
31 53 29
32 21 15
33 33 21
34 74 31
35 6 26
36 81 36
37 7 57
38 79 28
39 92 30
40 29 24
41 89 40
42 27 14
43 80 15
44 78 22
45 23 8
46 20 32
47 30 7
48 53 29
49 99 12
0 47 54
1 36 17
2 79 12
3 45 40
4 44 22
5 51 55
6 26 22
7 3 43
8 6 46
9 95 18
10 58 29
11 21 40
12 66 46
13 94 43
14 33 5
15 24 20
16 34 14
17 8 4
18 5 40
19 4 5
20 74 56
21 34 8
22 81 44
23 57 12
24 8 42
25 12 10
26 19 18
27 3 18
28 71 37
29 59 12
30 1 51
31 98 30
32 79 48
33 88 4
34 55 15
35 17 14
36 69 1
37 72 2
38 71 20
39 59 12
40 68 18
41 13 51
42 9 53
43 10 28
44 43 37
45 91 19
46 7 14
47 26 14
48 98 22
49 80 17
0 5 18
1 24 41
2 3 44
3 90 26
4 65 54
5 84 30
6 39 36
7 88 33
8 9 49
9 65 36
10 19 44
11 36 42
12 63 10
13 88 37
14 27 45
15 91 43
16 60 14
17 58 11
18 64 44
19 24 56
20 80 21
21 82 26
22 84 47
23 40 37
24 68 19
25 4 47
26 33 57
27 92 31
28 12 5
29 48 42
30 83 49
31 95 43
32 79 25
33 93 37
34 86 13
35 59 41
36 79 11
37 93 12
38 35 38
39 65 3
40 88 45
41 4 25
42 19 9
43 37 56
44 23 24
45 56 55
46 30 5
47 12 2
48 57 8
49 86 50
0 35 58
1 9 49
2 19 40
3 5 46
4 12 49
5 94 2
6 73 38
7 6 46
8 78 33
9 27 7
10 84 55
11 53 45
12 4 48
13 42 42
14 16 25
15 95 23
16 86 46
17 63 57
18 15 35
19 6 28
20 81 21
21 10 23
22 93 17
23 30 29
24 74 41
25 13 42
26 20 26
27 20 45
28 3 43
29 65 55
30 22 3
31 36 43
32 36 10
33 78 42
34 22 32
35 72 1
36 42 8
37 9 35
38 89 13
39 29 4
40 63 40
41 21 8
42 72 50
43 59 55
44 98 14
45 15 39
46 55 19
47 84 4
48 32 2
49 67 18
0 63 54
1 14 22
2 61 41
3 68 13
4 63 55
5 7 46
6 47 56
7 30 42
8 82 58
9 20 6
10 39 3
11 57 22
12 26 13
13 65 13
14 79 28
15 45 9
16 21 14
17 78 35
18 63 42
19 44 23
20 54 39
21 4 46
22 54 55
23 24 54
24 80 42
25 25 29
26 10 33
27 96 25
28 82 56
29 81 35
30 75 43
31 76 50
32 38 21
33 79 48
34 33 6
35 2 17
36 8 2
37 2 23
38 74 23
39 88 1
40 89 50
41 28 26
42 47 22
43 21 4
44 88 39
45 2 52
46 97 13
47 56 15
48 95 48
49 88 19
0 37 39
1 33 30
2 49 9
3 46 57
4 17 24
5 10 15
6 70 28
7 27 21
8 11 40
9 39 25
10 51 20
11 84 25
12 78 18
13 63 41
14 91 38
15 70 43
16 80 22
17 98 39
18 45 30
19 92 45
20 88 39
21 14 43
22 98 36
23 98 25
24 3 46
25 53 17
26 19 40
27 34 22
28 27 31
29 7 31
30 90 42
31 89 35
32 35 24
33 77 51
34 63 32
35 22 14
36 34 28
37 19 4
38 84 36
39 50 11
40 73 50
41 90 19
42 79 58
43 11 30
44 70 23
45 27 2
46 62 17
47 88 46
48 12 40
49 49 12
0 38 57
1 74 43
2 93 56
3 89 35
4 83 12
5 15 9
6 76 53
7 47 15
8 76 54
9 88 46
10 71 45
11 35 37
12 80 44
13 10 35
14 71 52
15 26 20
16 76 47
17 56 21
18 51 44
19 18 45
20 80 55
21 64 2
22 91 9
23 14 17
24 74 31
25 98 31
26 40 18
27 74 49
28 92 42
29 67 1
30 87 23
31 64 41
32 37 8
33 8 42
34 89 39
35 47 39
36 78 14
37 36 55
38 94 55
39 90 9
40 25 43
41 12 7
42 89 45
43 86 30
44 46 40
45 86 3
46 85 15
47 37 30
48 35 45
49 89 22
0 36 20
1 64 41
2 54 23
3 81 48
4 81 21
5 49 57
6 17 23
7 59 39
8 7 12
9 52 29
10 81 3
11 38 57
12 78 33
13 4 10
14 93 40
15 78 15
16 77 48
17 89 55
18 97 12
19 4 9
20 87 25
21 91 18
22 93 15
23 79 36
24 76 48
25 71 57
26 66 38
27 29 26
28 9 29
29 39 26
30 38 13
31 11 49
32 53 31
33 12 36
34 57 41
35 10 16
36 16 56
37 87 28
38 24 18
39 45 29
40 92 20
41 6 21
42 82 27
43 19 55
44 6 53
45 63 11
46 18 12
47 21 7
48 38 27
49 9 22
0 23 16
1 9 17
2 16 40
3 34 30
4 89 54
5 90 54
6 6 28
7 79 32
8 49 42
9 66 21
10 73 22
11 38 56
12 13 34
13 2 18
14 5 55
15 71 39
16 3 56
17 5 53
18 35 10
19 26 16
20 43 23
21 73 52
22 22 1
23 98 15
24 44 46
25 94 54
26 64 45
27 94 22
28 96 21
29 83 16
30 53 9
31 57 37
32 10 32
33 17 13
34 46 30
35 37 47
36 17 8
37 5 22
38 80 44
39 66 13
40 9 43
41 26 12
42 61 30
43 90 20
44 96 50
45 83 27
46 63 3
47 49 46
48 88 42
49 78 31
0 78 26
1 72 29
2 77 46
3 4 26
4 88 43
5 24 37
6 72 41
7 35 31
8 73 22
9 18 7
10 52 11
11 88 30
12 95 8
13 51 7
14 7 42
15 11 38
16 46 56
17 31 14
18 69 23
19 54 42
20 72 46
21 51 31
22 37 17
23 17 19
24 62 54
25 58 29
26 98 46
27 79 18
28 88 19
29 37 31
30 33 14
31 54 44
32 62 23
33 63 23
34 79 35
35 79 10
36 42 23
37 94 19
38 98 5
39 53 45
40 35 25
41 51 15
42 25 19
43 93 31
44 50 42
45 85 26
46 88 32
47 60 39
48 42 39
49 48 58
0 42 44
1 96 29
2 98 31
3 2 4
4 14 13
5 34 46
6 36 32
7 85 2
8 87 28
9 97 16
10 95 55
11 16 7
12 7 23
13 58 20
14 75 29
15 4 1
16 4 52
17 38 55
18 97 20
19 62 56
20 55 7
21 50 9
22 3 33
23 94 25
24 27 5
25 83 18
26 37 16
27 64 38
28 98 20
29 34 18
30 67 2
31 25 9
32 38 11
33 41 55
34 90 32
35 89 22
36 19 7
37 2 28
38 75 23
39 86 35
40 74 8
41 14 41
42 79 4
43 95 30
44 39 24
45 30 55
46 72 54
47 68 39
48 21 14
49 61 37
0 85 1
1 65 19
2 81 44
3 78 34
4 11 9
5 88 49
6 29 16
7 62 22
8 38 51
9 64 36
10 89 41
11 6 53
12 89 8
13 40 53
14 94 46
15 25 3
16 29 17
17 25 55
18 25 31
19 37 5
20 78 53
21 14 39
22 30 10
23 47 18
24 15 34
25 8 34
26 75 15
27 36 29
28 52 37
29 15 28
30 53 28
31 38 38
32 96 46
33 17 16
34 95 35
35 78 18
36 58 28
37 10 51
38 34 41
39 28 21
40 87 49
41 17 24
42 74 37
43 44 20
44 90 40
45 27 26
46 67 22
47 34 58
48 55 42
49 13 56
0 82 24
1 17 1
2 80 1
3 12 34
4 63 18
5 84 35
6 99 31
7 31 55
8 33 27
9 70 12
10 17 44
11 7 57
12 72 48
13 79 35
14 14 36
15 12 26
16 47 16
17 27 27
18 13 40
19 26 58
20 83 49
21 34 31
22 91 45
23 31 28
24 97 54
25 78 28
26 37 18
27 56 39
28 11 48
29 2 24
30 68 37
31 69 16
32 97 24
33 5 58
34 60 14
35 55 8
36 88 35
37 77 44
38 42 4
39 37 24
40 66 19
41 83 48
42 53 43
43 4 12
44 28 45
45 33 42
46 50 2
47 7 6
48 35 14
49 6 5
0 80 25
1 11 6
2 34 58
3 47 14
4 6 56
5 85 16
6 76 42
7 42 16
8 43 55
9 10 32
10 73 4
11 66 55
12 71 13
13 50 28
14 70 55
15 36 25
16 35 57
17 82 52
18 91 14
19 30 22
20 47 18
21 73 32
22 89 15
23 23 25
24 95 8
25 70 23
26 38 12
27 10 29
28 7 50
29 93 44
30 13 33
31 91 18
32 51 14
33 43 56
34 57 31
35 63 11
36 57 13
37 72 37
38 85 45
39 40 9
40 73 14
41 16 14
42 20 4
43 17 24
44 26 41
45 6 58
46 79 51
47 18 4
48 84 51
49 4 27
0 18 27
1 16 31
2 51 22
3 22 5
4 42 21
5 56 30
6 72 28
7 10 55
8 19 23
9 23 41
10 64 41
11 28 20
12 74 3
13 53 56
14 70 18
15 6 56
16 79 28
17 17 29
18 5 35
19 38 38
20 4 38
21 41 46
22 71 51
23 3 6
24 47 36
25 90 57
26 16 5
27 78 50
28 61 3
29 49 18
30 68 19
31 85 50
32 38 14
33 64 42
34 38 56
35 85 35
36 85 38
37 14 24
38 7 30
39 60 23
40 23 10
41 81 36
42 27 44
43 20 32
44 89 54
45 14 6
46 25 30
47 42 43
48 3 35
49 73 9
0 35 44
1 89 36
2 79 19
3 43 2
4 49 41
5 28 56
6 34 58
7 87 9
8 37 11
9 49 22
10 98 26
11 34 30
12 94 36
13 46 40
14 63 37
15 14 31
16 30 38
17 6 38
18 75 20
19 95 13
20 22 5
21 97 53
22 64 11
23 37 49
24 37 26
25 82 6
26 45 18
27 39 20
28 6 49
29 78 54
30 42 28
31 20 37
32 49 30
33 58 11
34 62 38
35 8 36
36 25 8
37 51 1
38 44 43
39 57 39
40 91 43
41 34 14
42 6 13
43 49 21
44 45 17
45 22 13
46 82 56
47 75 56
48 61 14
49 49 39
0 65 29
1 19 17
2 71 32
3 28 40
4 84 29
5 32 2
6 65 9
7 48 46
8 70 22
9 21 1
10 64 7
11 85 15
12 93 1
13 4 1
14 77 23
15 56 38
16 10 37
17 91 54
18 62 3
19 17 22
20 15 35
21 37 10
22 40 58
23 82 11
24 77 31
25 83 16
26 67 21
27 89 49
28 94 33
29 12 57
30 64 30
31 82 7
32 30 15
33 40 7
34 38 10
35 64 9
36 41 28
37 24 18
38 90 19
39 37 52
40 31 40
41 34 24
42 88 28
43 13 40
44 4 25
45 86 54
46 77 41
47 32 5
48 10 12
49 62 8
0 81 47
1 6 10
2 67 17
3 32 46
4 11 19
5 71 48
6 21 7
7 10 5
8 6 5
9 21 3
10 79 3
11 88 36
12 89 30
13 99 38
14 40 5
15 92 40
16 91 10
17 63 32
18 74 21
19 52 28
20 65 46
21 63 23
22 96 17
23 36 18
24 18 8
25 18 42
26 78 35
27 8 13
28 32 12
29 43 45
30 47 20
31 93 22
32 78 57
33 7 1
34 29 14
35 78 38
36 80 49
37 26 40
38 63 42
39 74 17
40 60 43
41 33 9
42 9 54
43 29 16
44 75 11
45 31 57
46 79 19
47 80 19
48 93 31
49 91 4
0 12 47
1 41 21
2 30 28
3 45 8
4 69 3
5 40 36
6 12 15
7 81 38
8 83 12
9 49 45
10 79 46
11 24 54
12 50 12
13 50 9
14 30 55
15 63 45
16 91 46
17 10 9
18 81 28
19 95 55
20 32 25
21 21 35
22 91 24
23 34 20
24 74 51
25 21 35
26 54 39
27 91 32
28 88 56
29 19 35
30 56 37
31 38 9
32 64 57
33 63 8
34 34 37
35 87 22
36 20 8
37 73 52
38 70 3
39 46 18
40 48 3
41 74 50
42 78 34
43 92 15
44 64 2
45 70 29
46 11 22
47 33 12
48 40 38
49 38 53
0 79 28
1 64 7
2 5 28
3 32 54
4 91 46
5 43 42
6 20 29
7 30 28
8 79 39
9 79 47
10 31 7
11 99 18
12 75 57
13 18 25
14 58 45
15 10 36
16 90 47
17 22 54
18 79 51
19 4 15
20 11 35
21 57 55
22 12 8
23 53 31
24 22 31
25 91 28
26 40 5
27 51 56
28 75 4
29 36 7
30 40 13
31 56 30
32 49 13
33 24 4
34 58 46
35 32 21
36 89 10
37 60 19
38 89 52
39 3 47
40 81 11
41 67 20
42 98 9
43 88 29
44 90 10
45 55 18
46 53 29
47 88 58
48 4 34
49 42 22
0 91 15
1 60 31
2 88 39
3 85 41
4 57 8
5 93 14
6 86 33
7 22 12
8 17 31
9 33 1
10 56 17
11 23 8
12 87 31
13 97 49
14 19 12
15 29 21
16 66 14
17 59 21
18 21 5
19 20 28
20 74 32
21 14 36
22 3 12
23 30 5
24 57 28
25 70 20
26 44 22
27 10 1
28 17 41
29 13 58
30 51 22
31 95 18
32 72 31
33 88 6
34 33 3
35 5 38
36 25 39
37 89 58
38 4 14
39 9 34
40 23 58
41 8 51
42 64 41
43 83 54
44 97 42
45 73 17
46 4 37
47 95 19
48 25 2
49 37 41
0 33 46
1 3 33
2 39 40
3 92 2
4 61 2
5 65 12
6 73 42
7 6 23
8 71 13
9 97 25
10 11 43
11 43 57
12 4 43
13 54 39
14 37 23
15 96 11
16 84 40
17 79 6
18 53 29
19 12 55
20 34 3
21 74 29
22 53 46
23 92 9
24 30 44
25 84 54
26 73 44
27 95 23
28 80 15
29 96 45
30 54 29
31 15 25
32 72 43
33 50 13
34 97 27
35 31 44
36 68 43
37 88 32
38 11 31
39 68 57
40 76 2
41 3 18
42 64 17
43 15 10
44 12 20
45 21 40
46 16 39
47 26 4
48 38 10
49 82 13
0 89 20
1 25 13
2 82 5
3 17 30
4 2 19
5 37 50
6 32 25
7 71 8
8 16 38
9 32 5
10 28 17
11 11 10
12 40 29
13 96 3
14 73 41
15 72 20
16 65 12
17 39 48
18 81 55
19 80 7
20 18 11
21 13 18
22 67 23
23 36 26
24 65 27
25 75 8
26 30 10
27 34 10
28 4 12
29 38 18
30 32 42
31 79 54
32 48 30
33 2 46
34 84 25
35 23 14
36 82 3
37 51 16
38 20 42
39 85 40
40 5 19
41 16 2
42 21 13
43 21 14
44 92 25
45 89 18
46 13 33
47 42 58
48 58 10
49 96 51
0 10 6
1 21 19
2 39 12
3 75 51
4 96 45
5 57 39
6 41 1
7 78 56
8 18 12
9 12 31
10 8 37
11 79 55
12 31 27
13 98 11
14 6 7
15 86 55
16 50 44
17 70 10
18 10 31
19 20 29
20 86 13
21 86 15
22 10 54
23 99 24
24 22 27
25 75 20
26 43 7
27 82 24
28 79 40
29 4 15
30 47 18
31 18 45
32 16 56
33 41 28
34 85 39
35 22 42
36 54 30
37 81 3
38 15 4
39 79 6
40 90 34
41 14 41
42 35 22
43 16 4
44 44 15
45 89 28
46 24 20
47 46 21
48 26 38
49 7 16
0 96 53
1 39 51
2 11 29
3 7 10
4 65 39
5 85 21
6 83 50
7 26 44
8 8 45
9 6 32
10 29 3
11 5 26
12 19 42
13 96 21
14 23 19
15 45 23
16 60 8
17 56 14
18 20 46
19 27 31
20 52 18
21 93 23
22 51 36
23 98 40
24 87 48
25 50 14
26 29 13
27 67 32
28 33 36
29 76 14
30 88 12
31 89 51
32 86 27
33 25 41
34 21 3
35 99 10
36 6 25
37 89 16
38 75 18
39 25 15
40 84 48
41 39 41
42 26 5
43 81 33
44 92 6
45 46 22
46 11 20
47 26 13
48 87 58
49 29 11
0 26 8
1 40 18
2 19 56
3 64 8
4 20 21
5 15 10
6 56 20
7 8 56
8 23 6
9 44 19
10 38 11
11 31 17
12 27 14
13 4 2
14 6 1
15 29 36
16 82 11
17 13 46
18 37 53
19 91 27
20 37 5
21 80 7
22 5 13
23 33 29
24 91 40
25 60 17
26 53 17
27 60 23
28 88 51
29 41 16
30 84 56
31 11 20
32 79 34
33 3 54
34 37 27
35 91 19
36 22 24
37 86 12
38 98 17
39 99 30
40 30 30
41 72 46
42 48 46
43 37 8
44 92 48
45 30 12
46 60 8
47 28 21
48 22 2
49 75 21
0 99 14
1 28 27
2 81 27
3 52 45
4 18 20
5 33 30
6 15 6
7 7 37
8 67 18
9 22 19
10 49 54
11 51 16
12 84 4
13 2 51
14 26 31
15 60 31
16 34 13
17 42 58
18 57 42
19 87 50
20 42 29
21 47 38
22 62 40
23 41 40
24 66 44
25 8 54
26 27 16
27 81 53
28 35 17
29 38 38
30 37 37
31 47 29
32 24 28
33 70 7
34 71 39
35 58 47
36 7 1
37 50 8
38 28 27
39 73 19
40 95 26
41 76 22
42 18 56
43 96 53
44 97 16
45 42 29
46 21 24
47 72 48
48 83 28
49 36 30
0 66 41
1 78 21
2 38 31
3 34 44
4 98 24
5 85 19
6 40 39
7 42 40
8 92 33
9 30 19
10 62 20
11 60 13
12 81 13
13 38 12
14 30 40
15 92 51
16 19 2
17 10 4
18 61 1
19 66 29
20 66 43
21 82 47
22 18 15
23 38 41
24 32 41
25 33 30
26 16 14
27 82 30
28 30 42
29 2 5
30 92 24
31 4 25
32 87 25
33 31 58
34 19 14
35 76 52
36 8 39
37 6 16
38 92 56
39 10 37
40 27 56
41 46 38
42 25 13
43 25 10
44 82 50
45 8 16
46 95 3
47 26 54
48 9 20
49 12 23
0 63 44
1 84 27
2 28 15
3 80 2
4 25 11
5 72 19
6 14 31
7 9 43
8 88 50
9 4 17
10 86 48
11 38 38
12 33 7
13 3 38
14 68 38
15 50 40
16 60 30
17 10 40
18 28 19
19 9 49
20 5 19
21 54 17
22 53 29
23 35 31
24 18 25
25 35 43
26 4 47
27 73 49
28 56 38
29 42 31
30 20 37
31 82 23
32 88 2
33 95 53
34 36 26
35 73 32
36 8 35
37 50 21
38 63 19
39 8 47
40 45 3
41 52 11
42 60 28
43 87 29
44 27 13
45 83 29
46 51 13
47 76 42
48 7 14
49 59 54
0 50 57
1 20 31
2 33 12
3 84 48
4 29 28
5 76 38
6 18 35
7 51 40
8 90 51
9 20 36
10 84 15
11 49 29
12 4 3
13 74 16
14 68 44
15 39 49
16 6 12
17 42 21
18 96 35
19 4 30
20 7 13
21 3 1
22 87 5
23 20 41
24 82 53
25 2 16
26 27 14
27 74 27
28 25 22
29 14 46
30 14 21
31 74 20
32 15 21
33 90 33
34 83 13
35 17 14
36 18 34
37 97 11
38 77 55
39 25 27
40 33 44
41 18 11
42 73 58
43 95 12
44 27 45
45 14 8
46 49 3
47 48 1
48 57 29
49 6 2
0 73 53
1 11 41
2 59 22
3 34 57
4 71 45
5 23 16
6 35 15
7 52 22
8 16 43
9 50 1
10 85 13
11 98 9
12 51 42
13 74 57
14 32 41
15 68 55
16 23 13
17 40 39
18 58 7
19 37 9
20 39 10
21 69 15
22 20 39
23 91 29
24 10 25
25 75 49
26 7 37
27 37 50
28 14 14
29 87 9
30 87 52
31 71 8
32 57 14
33 65 16
34 27 26
35 82 22
36 79 55
37 35 5
38 73 44
39 91 39
40 16 5
41 41 1
42 11 11
43 8 45
44 68 19
45 69 54
46 2 7
47 77 31
48 87 34
49 19 33
0 18 3
1 40 8
2 88 48
3 16 7
4 20 37
5 32 17
6 48 18
7 79 37
8 17 11
9 70 30
10 17 10
11 88 23
12 71 2
13 36 22
14 9 4
15 7 27
16 55 9
17 26 58
18 46 31
19 85 55
20 18 38
21 56 37
22 79 18
23 81 13
24 19 45
25 85 37
26 90 27
27 50 54
28 19 31
29 78 25
30 35 29
31 10 57
32 62 32
33 39 41
34 53 23
35 37 32
36 13 2
37 52 42
38 20 13
39 17 31
40 91 17
41 94 42
42 26 57
43 63 18
44 79 28
45 71 3
46 81 9
47 9 37
48 95 2
49 89 40
0 6 32
1 69 3
2 11 40
3 4 52
4 20 15
5 19 28
6 2 53
7 55 42
8 40 44
9 6 46
10 81 11
11 47 37
12 14 44
13 94 7
14 89 20
15 41 32
16 52 39
17 3 21
18 62 18
19 8 15
20 38 55
21 46 57
22 76 58
23 63 54
24 98 37
25 56 28
26 88 17
27 41 44
28 69 8
29 84 18
30 30 28
31 3 4
32 79 42
33 1 30
34 23 18
35 64 58
36 18 3
37 52 13
38 32 5
39 4 11
40 42 2
41 98 36
42 58 47
43 86 11
44 38 41
45 14 12
46 69 43
47 14 22
48 44 55
49 8 24
0 12 2
1 36 14
2 32 22
3 87 1
4 8 8
5 32 3
6 8 48
7 76 45
8 96 12
9 62 57
10 26 7
11 73 39
12 55 3
13 94 13
14 88 33
15 77 21
16 98 31
17 21 58
18 7 56
19 63 37
20 63 11
21 3 19
22 28 15
23 91 1
24 86 52
25 26 58
26 15 32
27 29 1
28 37 42
29 58 29
30 17 24
31 42 43
32 42 42
33 82 47
34 73 9
35 66 14
36 70 14
37 98 58
38 40 2
39 95 23
40 61 57
41 74 28
42 39 26
43 69 21
44 30 40
45 72 3
46 37 7
47 27 36
48 47 22
49 98 23
0 55 15
1 96 32
2 24 8
3 90 51
4 20 32
5 96 1
6 54 14
7 77 29
8 26 2
9 83 57
10 35 1
11 31 46
12 70 7
13 55 42
14 69 1
15 64 14
16 10 57
17 41 15
18 85 34
19 3 20
20 29 2
21 69 54
22 86 49
23 73 49
24 39 17
25 7 54
26 73 16
27 70 43
28 15 30
29 56 38
30 53 11
31 90 10
32 38 14
33 54 38
34 16 3
35 40 11
36 51 39
37 59 37
38 92 39
39 32 4
40 98 57
41 17 40
42 38 51
43 86 6
44 29 45
45 79 52
46 32 39
47 56 9
48 46 28
49 50 16
0 89 49
1 37 53
2 18 12
3 38 5
4 3 42
5 38 49
6 42 58
7 65 1
8 19 36
9 31 54
10 22 39
11 37 10
12 27 24
13 15 16
14 80 12
15 4 48
16 36 24
17 73 50
18 74 28
19 80 28
20 91 17
21 88 26
22 64 31
23 28 30
24 25 54
25 74 20
26 42 23
27 13 57
28 78 49
29 61 16
30 61 15
31 97 41
32 24 10
33 69 45
34 82 45
35 3 54
36 19 38
37 17 10
38 22 16
39 91 38
40 61 24
41 44 56
42 11 11
43 12 50
44 72 13
45 43 21
46 23 41
47 61 2
48 7 35
49 69 12
0 91 50
1 8 52
2 58 2
3 59 23
4 40 23
5 37 17
6 44 8
7 24 12
8 48 16
9 41 20
10 29 26
11 28 29
12 94 4
13 37 57
14 78 18
15 26 14
16 91 15
17 52 20
18 4 22
19 31 30
20 98 20
21 4 46
22 74 28
23 10 30
24 28 39
25 96 5
26 26 16
27 40 43
28 31 26
29 96 50
30 8 18
31 36 18
32 3 8
33 64 19
34 12 7
35 79 53
36 38 37
37 9 33
38 30 6
39 86 54
40 48 55
41 88 54
42 85 44
43 35 1
44 78 15
45 30 26
46 60 14
47 87 29
48 35 10
49 55 58
0 19 3
1 80 30
2 58 45
3 92 30
4 43 23
5 94 48
6 70 57
7 6 39
8 93 35
9 81 44
10 28 54
11 44 17
12 90 27
13 78 3
14 45 36
15 76 32
16 64 55
17 38 37
18 3 10
19 76 21
20 81 53
21 37 7
22 65 17
23 19 2
24 96 26
25 61 30
26 56 28
27 77 40
28 48 3
29 91 2
30 7 3
31 15 26
32 72 30
33 3 49
34 33 58
35 89 19
36 8 4
37 57 19
38 95 2
39 96 3
40 88 8
41 77 17
42 40 18
43 10 34
44 55 19
45 40 18
46 79 30
47 11 37
48 33 18
49 18 3
0 87 2
1 11 12
2 73 9
3 43 38
4 30 14
5 68 36
6 59 32
7 6 5
8 20 39
9 27 36
10 66 7
11 67 41
12 94 6
13 95 1
14 48 56
15 79 25
16 84 19
17 62 21
18 74 9
19 50 40
20 51 44
21 15 36
22 50 58
23 15 7
24 97 32
25 86 40
26 23 44
27 87 7
28 70 19
29 18 5
30 26 9
31 25 40
32 65 16
33 16 38
34 56 21
35 74 51
36 39 37
37 36 56
38 97 18
39 15 39
40 18 55
41 39 44
42 96 44
43 19 21
44 35 44
45 38 5
46 16 12
47 34 27
48 29 25
49 21 39
0 21 30
1 22 14
2 98 17
3 75 53
4 92 39
5 6 51
6 94 56
7 12 26
8 47 19
9 65 17
10 52 30
11 9 49
12 69 20
13 52 11
14 33 29
15 5 41
16 75 4
17 27 30
18 52 3
19 73 21
20 55 13
21 23 19
22 86 30
23 21 57
24 32 41
25 5 18
26 71 23
27 79 16
28 27 9
29 3 50
30 2 56
31 63 3
32 26 25
33 90 36
34 61 18
35 5 28
36 88 28
37 57 16
38 3 56
39 31 12
40 40 31
41 2 49
42 43 3
43 30 54
44 18 3
45 49 55
46 47 58
47 20 26
48 90 26
49 52 22
0 35 12
1 70 2
2 38 42
3 62 41
4 44 21
5 46 46
6 76 22
7 53 44
8 20 6
9 66 30
10 24 38
11 79 22
12 5 56
13 14 27
14 72 2
15 64 15
16 38 57
17 88 52
18 39 30
19 92 17
20 30 5
21 21 25
22 69 9
23 70 9
24 10 41
25 58 11
26 15 5
27 18 5
28 22 37
29 84 54
30 27 27
31 94 47
32 55 55
33 40 13
34 37 31
35 97 18
36 22 22
37 86 18
38 62 7
39 93 48
40 28 14
41 73 8
42 22 15
43 83 11
44 15 34
45 83 37
46 84 45
47 74 55
48 1 30
49 6 19
0 89 13
1 18 57
2 93 9
3 85 20
4 83 7
5 86 49
6 16 54
7 13 31
8 40 55
9 91 54
10 7 25
11 38 44
12 57 7
13 26 43
14 14 20
15 35 39
16 21 4
17 73 43
18 76 20
19 46 30
20 68 57
21 98 33
22 93 37
23 88 14
24 70 43
25 11 34
26 29 14
27 37 32
28 85 29
29 12 8
30 16 16
31 42 7
32 22 7
33 45 23
34 4 26
35 45 13
36 22 37
37 54 41
38 36 8
39 4 33
40 8 37
41 2 32
42 90 42
43 96 42
44 6 19
45 8 6
46 77 44
47 21 43
48 11 13
49 27 9
0 45 16
1 27 12
2 34 41
3 92 17
4 42 44
5 78 49
6 86 52
7 69 2
8 80 24
9 82 43
10 8 10
11 40 5
12 92 50
13 88 16
14 13 28
15 10 39
16 6 47
17 26 8
18 88 23
19 8 56
20 10 5
21 95 3
22 81 54
23 83 45
24 12 10
25 10 34
26 7 15
27 19 56
28 24 40
29 21 27
30 18 25
31 92 57
32 99 39
33 79 11
34 86 16
35 23 27
36 46 3
37 82 29
38 94 28
39 74 47
40 47 16
41 39 2
42 26 54
43 25 9
44 18 37
45 9 43
46 63 46
47 99 28
48 81 53
49 3 35
0 77 45
1 9 19
2 96 2
3 24 41
4 66 28
5 84 12
6 89 38
7 89 43
8 28 28
9 3 21
10 91 15
11 73 56
12 46 41
13 92 55
14 94 9
15 28 19
16 89 43
17 18 30
18 73 48
19 57 36
20 79 42
21 91 8
22 95 37
23 90 38
24 21 37
25 77 16
26 55 44
27 40 46
28 67 8
29 33 3
30 30 24
31 30 55
32 41 21
33 38 26
34 42 1
35 38 51
36 73 1
37 86 3
38 71 1
39 2 29
40 87 23
41 53 36
42 88 26
43 49 28
44 86 53
45 45 56
46 93 46
47 89 38
48 74 50
49 23 39
0 13 16
1 3 36
2 93 11
3 62 16
4 48 37
5 73 45
6 58 30
7 65 23
8 69 58
9 80 2
10 88 25
11 18 24
12 64 19
13 81 12
14 56 15
15 65 40
16 14 23
17 21 36
18 93 42
19 83 24
20 91 9
21 47 29
22 39 3
23 49 57
24 95 1
25 93 18
26 48 17
27 94 47
28 84 56
29 55 29
30 94 29
31 6 14
32 13 28
33 22 4
34 4 48
35 97 8
36 73 50
37 80 43
38 13 53
39 6 50
40 61 44
41 59 40
42 73 38
43 56 8
44 12 53
45 84 16
46 24 46
47 29 39
48 2 53
49 64 56
0 58 8
1 61 22
2 26 26
3 27 30
4 48 41
5 77 47
6 38 46
7 4 21
8 67 39
9 21 9
10 97 53
11 19 31
12 90 42
13 76 42
14 57 36
15 83 33
16 66 14
17 40 48
18 55 19
19 21 7
20 7 5
21 90 28
22 92 12
23 20 6
24 35 36
25 35 6
26 42 21
27 14 46
28 56 44
29 39 36
30 74 8
31 26 15
32 54 21
33 2 33
34 87 9
35 11 27
36 91 44
37 17 19
38 37 13
39 35 26
40 92 48
41 13 26
42 15 21
43 20 33
44 36 13
45 28 20
46 96 30
47 56 23
48 68 13
49 7 51
0 7 54
1 55 37
2 43 21
3 24 6
4 32 42
5 33 20
6 7 30
7 9 27
8 20 30
9 35 39
10 65 7
11 68 38
12 16 17
13 35 48
14 87 34
15 3 24
16 96 39
17 38 21
18 31 9
19 80 52
20 38 12
21 85 20
22 44 20
23 86 32
24 36 55
25 62 31
26 34 55
27 89 27
28 39 58
29 43 28
30 44 40
31 97 15
32 49 9
33 39 25
34 5 19
35 2 52
36 35 10
37 92 52
38 3 20
39 35 39
40 46 31
41 42 46
42 40 40
43 87 48
44 91 2
45 7 17
46 11 38
47 61 40
48 35 2
49 50 9
0 88 34
1 91 14
2 19 28
3 94 18
4 84 10
5 26 45
6 90 50
7 5 25
8 30 37
9 86 13
10 96 56
11 69 19
12 4 27
13 97 25
14 90 9
15 81 11
16 23 19
17 33 18
18 90 4
19 16 3
20 23 20
21 56 36
22 17 14
23 81 4
24 90 46
25 6 15
26 86 20
27 84 27
28 49 18
29 18 43
30 69 58
31 1 16
32 4 57
33 87 28
34 93 34
35 28 9
36 94 17
37 61 46
38 13 33
39 27 54
40 31 3
41 9 53
42 85 36
43 38 51
44 6 20
45 21 43
46 50 3
47 20 3
48 30 24
49 13 7
0 36 6
1 66 45
2 9 6
3 38 39
4 85 49
5 99 16
6 96 17
7 10 32
8 8 8
9 82 36
10 6 18
11 11 7
12 84 54
13 97 38
14 86 57
15 81 49
16 33 10
17 81 15
18 32 39
19 27 8
20 79 30
21 19 6
22 58 2
23 21 29
24 8 57
25 88 42
26 23 17
27 56 2
28 73 44
29 22 6
30 72 29
31 64 14
32 9 52
33 98 56
34 4 54
35 74 7
36 13 34
37 16 13
38 73 3
39 3 41
40 94 13
41 77 20
42 69 12
43 14 27
44 31 22
45 43 9
46 46 19
47 54 31
48 85 43
49 77 2
0 55 39
1 38 38
2 66 7
3 31 4
4 52 12
5 4 25
6 24 45
7 39 48
8 10 47
9 53 55
10 74 56
11 57 19
12 23 10
13 60 47
14 47 38
15 2 25
16 8 17
17 2 15
18 63 2
19 79 20
20 2 19
21 3 35
22 6 5
23 46 30
24 1 4
25 37 26
26 76 39
27 14 22
28 9 22
29 18 46
30 83 44
31 36 4
32 39 28
33 35 15
34 9 28
35 95 39
36 29 4
37 4 38
38 32 29
39 87 54
40 15 33
41 81 26
42 36 36
43 69 8
44 39 38
45 38 37
46 90 55
47 47 57
48 87 53
49 54 57
0 17 39
1 40 14
2 3 55
3 73 42
4 61 8
5 69 1
6 69 13
7 35 46
8 75 43
9 90 35
10 53 37
11 16 54
12 15 2
13 37 7
14 22 30
15 23 30
16 55 9
17 15 34
18 44 11
19 73 39
20 90 28
21 22 8
22 33 9
23 81 27
24 45 15
25 7 10
26 80 7
27 8 31
28 7 8
29 91 21
30 7 51
31 21 45
32 25 57
33 35 45
34 44 54
35 97 7
36 5 46
37 94 8
38 71 16
39 36 56
40 57 7
41 79 16
42 85 49
43 29 28
44 51 42
45 52 21
46 5 22
47 70 54
48 75 57
49 5 55
0 25 32
1 71 48
2 7 4
3 84 5
4 1 18
5 56 39
6 18 15
7 98 24
8 47 14
9 27 42
10 30 45
11 33 27
12 86 54
13 54 43
14 70 16
15 28 46
16 92 14
17 37 6
18 21 57
19 79 29
20 10 3
21 14 23
22 77 44
23 15 15
24 17 17
25 5 30
26 3 37
27 56 39
28 53 23
29 33 57
30 18 35
31 52 21
32 69 46
33 37 3
34 21 25
35 44 29
36 12 5
37 21 4
38 63 55
39 84 39
40 32 45
41 11 6
42 90 9
43 73 41
44 62 14
45 89 23
46 29 31
47 35 25
48 13 52
49 11 51
0 45 56
1 22 17
2 26 38
3 99 7
4 53 30
5 43 56
6 97 36
7 11 30
8 98 36
9 7 23
10 43 30
11 21 34
12 96 44
13 93 20
14 7 58
15 21 34
16 6 49
17 11 24
18 23 38
19 88 10
20 80 7
21 29 26
22 13 36
23 7 36
24 10 30
25 93 48
26 51 22
27 24 5
28 6 38
29 10 16
30 14 18
31 5 57
32 23 55
33 40 58
34 80 5
35 16 27
36 82 55
37 18 4
38 39 21
39 37 54
40 73 47
41 3 54
42 85 51
43 29 36
44 85 36
45 65 14
46 10 32
47 7 48
48 10 39
49 71 14
0 71 1
1 29 9
2 79 3
3 39 58
4 70 8
5 63 56
6 19 13
7 90 29
8 99 2
9 8 50
10 50 10
11 69 41
12 54 13
13 93 6
14 34 40
15 94 38
16 43 55
17 80 58
18 84 5
19 80 18
20 71 16
21 17 54
22 84 32
23 7 9
24 98 54
25 79 13
26 35 43
27 65 28
28 21 3
29 95 44
30 10 5
31 45 23
32 56 55
33 61 28
34 75 44
35 29 22
36 85 24
37 38 58
38 40 55
39 95 46
40 78 13
41 5 6
42 82 30
43 73 44
44 77 31
45 19 34
46 94 24
47 20 27
48 9 33
49 35 29
0 11 9
1 9 49
2 93 24
3 77 42
4 79 21
5 30 19
6 24 17
7 30 8
8 64 12
9 44 20
10 11 54
11 75 16
12 46 9
13 96 13
14 40 8
15 59 55
16 84 36
17 33 31
18 50 16
19 7 30
20 16 42
21 12 49
22 89 58
23 67 16
24 72 37
25 66 30
26 22 14
27 16 6
28 40 21
29 99 46
30 16 57
31 32 30
32 50 39
33 45 22
34 51 36
35 31 4
36 44 7
37 75 54
38 35 11
39 35 17
40 11 37
41 21 26
42 4 55
43 18 9
44 62 38
45 12 4
46 79 24
47 13 16
48 19 57
49 9 41
0 95 11
1 90 6
2 2 55
3 80 10
4 61 42
5 16 33
6 20 3
7 54 57
8 79 38
9 58 23
10 54 44
11 49 58
12 64 18
13 59 47
14 93 22
15 17 55
16 35 52
17 37 50
18 63 13
19 13 24
20 61 30
21 2 48
22 88 16
23 63 27
24 57 20
25 53 55
26 79 53
27 54 44
28 37 31
29 21 15
30 86 50
31 76 42
32 94 19
33 54 45
34 79 15
35 25 24
36 91 42
37 98 17
38 36 22
39 18 44
40 6 6
41 70 12
42 66 44
43 14 22
44 51 2
45 35 30
46 6 40
47 96 16
48 69 22
49 67 54
0 26 5
1 51 55
2 87 8
3 66 20
4 85 44
5 79 48
6 11 37
7 87 3
8 79 37
9 58 12
10 97 38
11 5 50
12 29 17
13 48 20
14 98 3
15 27 30
16 68 44
17 81 44
18 29 13
19 33 12
20 81 31
21 49 17
22 96 42
23 30 19
24 39 4
25 70 9
26 7 50
27 75 43
28 81 44
29 44 37
30 96 3
31 91 50
32 75 32
33 47 30
34 1 32
35 89 41
36 54 22
37 20 13
38 23 43
39 35 2
40 21 23
41 75 44
42 79 15
43 64 40
44 55 8
45 78 17
46 85 36
47 93 54
48 21 25
49 94 11
0 28 26
1 17 1
2 36 47
3 68 13
4 18 40
5 35 54
6 91 41
7 2 32
8 63 3
9 91 28
10 1 32
11 20 25
12 68 41
13 50 29
14 80 57
15 8 17
16 72 14
17 35 21
18 19 29
19 43 20
20 62 43
21 59 54
22 62 8
23 42 2
24 99 58
25 45 15
26 12 39
27 41 56
28 67 9
29 64 8
30 57 9
31 28 36
32 67 8
33 15 19
34 93 12
35 83 12
36 49 15
37 82 53
38 47 8
39 3 38
40 15 43
41 28 39
42 20 6
43 22 27
44 24 12
45 16 24
46 47 44
47 25 23
48 26 45
49 47 17
0 69 8
1 68 31
2 77 32
3 79 15
4 83 56
5 51 55
6 42 28
7 94 36
8 46 15
9 52 1
10 32 42
11 25 21
12 35 58
13 22 14
14 15 41
15 21 11
16 54 23
17 78 20
18 5 24
19 83 31
20 37 20
21 83 12
22 93 14
23 46 46
24 17 39
25 14 24
26 2 15
27 19 46
28 93 13
29 78 23
30 36 7
31 30 19
32 68 58
33 17 3
34 22 34
35 52 55
36 22 19
37 10 25
38 3 55
39 87 33
40 65 46
41 23 39
42 83 19
43 1 45
44 98 16
45 60 4
46 14 19
47 80 40
48 31 43
49 58 9
0 86 35
1 42 28
2 33 40
3 91 47
4 69 18
5 18 20
6 84 37
7 61 55
8 10 31
9 37 13
10 40 20
11 48 2
12 58 31
13 9 19
14 80 5
15 59 29
16 50 37
17 76 44
18 55 18
19 33 32
20 43 20
21 19 8
22 94 35
23 57 40
24 76 17
25 95 50
26 36 8
27 81 58
28 73 55
29 65 15
30 23 28
31 3 30
32 40 42
33 11 12
34 46 42
35 47 23
36 50 54
37 91 42
38 9 20
39 36 26
40 66 55
41 54 40
42 8 28
43 25 28
44 48 23
45 45 55
46 37 20
47 53 23
48 98 40
49 29 39
0 59 20
1 87 4
2 81 11
3 89 56
4 28 8
5 39 47
6 83 11
7 63 14
8 7 47
9 22 7
10 81 48
11 58 19
12 20 1
13 20 34
14 82 52
15 58 42
16 45 21
17 39 45
18 9 26
19 35 41
20 80 16
21 18 22
22 32 45
23 6 43
24 17 16
25 6 13
26 49 39
27 89 37
28 27 58
29 32 42
30 73 39
31 85 20
32 89 46
33 9 49
34 66 38
35 30 17
36 40 40
37 84 48
38 78 53
39 94 53
40 38 19
41 16 42
42 91 34
43 56 19
44 83 40
45 84 28
46 44 24
47 3 5
48 95 38
49 83 53
0 38 45
1 77 54
2 43 38
3 26 56
4 36 3
5 15 17
6 78 30
7 27 5
8 59 17
9 6 30
10 65 46
11 34 56
12 3 52
13 12 1
14 23 11
15 59 31
16 41 18
17 76 14
18 71 43
19 3 12
20 13 28
21 11 6
22 28 56
23 17 7
24 65 23
25 27 37
26 64 56
27 22 13
28 38 6
29 82 35
30 9 7
31 23 15
32 10 51
33 7 9
34 4 13
35 29 54
36 42 45
37 64 42
38 68 58
39 10 6
40 21 37
41 93 12
42 87 23
43 86 52
44 98 12
45 48 56
46 18 45
47 59 29
48 94 31
49 70 32
0 86 5
1 8 4
2 53 2
3 81 2
4 85 30
5 11 46
6 64 2
7 88 27
8 14 2
9 66 27
10 85 24
11 25 29
12 52 41
13 37 18
14 78 38
15 53 55
16 5 34
17 91 25
18 50 2
19 78 56
20 71 53
21 26 2
22 11 9
23 64 18
24 13 54
25 20 41
26 4 36
27 93 41
28 86 33
29 36 11
30 72 37
31 43 38
32 88 14
33 26 39
34 80 3
35 64 8
36 20 28
37 97 24
38 69 57
39 33 29
40 85 54
41 14 22
42 56 2
43 89 37
44 81 5
45 89 3
46 97 54
47 95 39
48 93 49
49 3 18
0 74 37
1 53 8
2 27 19
3 41 44
4 52 44
5 85 36
6 79 28
7 19 23
8 13 39
9 28 24
10 82 33
11 49 19
12 27 6
13 85 12
14 29 20
15 46 8
16 27 18
17 42 13
18 22 54
19 86 37
20 98 42
21 5 46
22 2 3
23 99 8
24 49 46
25 17 28
26 46 30
27 77 42
28 32 10
29 84 43
30 3 22
31 69 44
32 95 50
33 90 42
34 65 55
35 34 38
36 19 40
37 18 44
38 39 4
39 26 22
40 26 14
41 46 2
42 15 5
43 60 39
44 52 13
45 82 25
46 9 11
47 3 53
48 53 38
49 81 6
0 86 54
1 80 43
2 70 54
3 41 18
4 19 15
5 14 6
6 74 45
7 81 44
8 24 12
9 70 56
10 48 30
11 88 34
12 71 7
13 4 44
14 28 40
15 13 22
16 98 24
17 47 22
18 16 12
19 12 49
20 12 45
21 43 44
22 79 51
23 5 51
24 24 26
25 39 25
26 64 39
27 50 37
28 76 40
29 82 20
30 50 42
31 89 36
32 38 27
33 40 1
34 33 54
35 17 41
36 24 26
37 60 41
38 37 29
39 78 38
40 32 3
41 39 23
42 57 15
43 69 9
44 57 12
45 91 55
46 32 54
47 34 58
48 6 40
49 39 7
0 36 47
1 90 50
2 10 53
3 23 41
4 27 7
5 12 41
6 52 10
7 94 45
8 77 20
9 87 51
10 52 29
11 20 26
12 8 48
13 88 57
14 78 46
15 22 43
16 24 4
17 48 17
18 91 48
19 27 56
20 81 18
21 98 52
22 64 20
23 57 31
24 94 22
25 99 54
26 39 50
27 28 18
28 34 53
29 8 55
30 79 44
31 27 42
32 4 45
33 39 3
34 35 46
35 34 53
36 55 8
37 75 58
38 21 40
39 55 28
40 75 14
41 33 31
42 76 18
43 25 25
44 94 54
45 30 29
46 68 13
47 11 57
48 21 10
49 78 23
0 37 54
1 50 27
2 85 39
3 90 37
4 60 22
5 39 5
6 72 31
7 82 16
8 6 43
9 77 46
10 64 12
11 38 54
12 70 31
13 46 20
14 31 18
15 86 22
16 79 15
17 36 25
18 67 42
19 60 18
20 18 18
21 83 19
22 72 50
23 31 36
24 40 44
25 38 9
26 15 28
27 36 20
28 42 7
29 80 38
30 53 44
31 8 2
32 85 28
33 33 25
34 97 39
35 38 53
36 40 52
37 4 33
38 7 10
39 36 1
40 83 22
41 86 41
42 27 16
43 30 19
44 82 4
45 90 33
46 34 5
47 44 39
48 81 2
49 87 12
0 59 20
1 98 19
2 21 30
3 94 34
4 84 18
5 34 39
6 58 42
7 17 45
8 25 22
9 83 47
10 52 46
11 8 10
12 57 14
13 21 18
14 74 57
15 11 16
16 88 32
17 9 14
18 90 49
19 47 42
20 82 34
21 31 36
22 8 46
23 98 50
24 61 56
25 38 15
26 3 25
27 69 2
28 36 17
29 93 47
30 8 33
31 32 38
32 31 11
33 55 27
34 59 15
35 93 49
36 21 9
37 38 19
38 37 2
39 14 30
40 7 30
41 72 49
42 36 4
43 81 44
44 82 30
45 92 23
46 90 3
47 82 8
48 38 37
49 2 15
0 32 14
1 36 14
2 77 52
3 82 22
4 26 27
5 24 12
6 13 2
7 3 54
8 84 34
9 48 18
10 90 43
11 81 11
12 35 19
13 35 17
14 20 38
15 85 55
16 50 9
17 63 10
18 24 16
19 70 11
20 2 4
21 48 46
22 79 22
23 70 28
24 95 35
25 37 17
26 83 54
27 76 1
28 69 44
29 75 55
30 67 37
31 91 1
32 82 30
33 79 29
34 67 44
35 50 58
36 8 6
37 78 44
38 7 16
39 4 39
40 38 7
41 49 22
42 8 14
43 22 24
44 21 39
45 11 52
46 47 21
47 80 12
48 25 23
49 62 1
0 37 42
1 75 28
2 11 46
3 56 28
4 98 20
5 94 45
6 17 9
7 82 16
8 96 10
9 37 55
10 30 31
11 92 45
12 82 17
13 22 6
14 55 18
15 95 4
16 85 5
17 52 22
18 12 49
19 12 41
20 79 25
21 12 18
22 82 7
23 54 39
24 35 7
25 49 10
26 37 55
27 82 48
28 14 41
29 61 20
30 4 49
31 82 25
32 88 13
33 32 3
34 47 17
35 29 31
36 77 47
37 17 25
38 33 12
39 52 1
40 67 42
41 45 42
42 29 10
43 22 2
44 44 46
45 73 28
46 39 26
47 61 16
48 99 15
49 45 39
0 20 58
1 12 4
2 57 58
3 26 7
4 63 42
5 35 27
6 14 15
7 48 3
8 79 18
9 64 57
10 3 43
11 19 30
12 72 44
13 13 56
14 24 56
15 19 24
16 93 51
17 54 9
18 77 15
19 81 4
20 92 9
21 18 57
22 29 45
23 47 39
24 92 21
25 29 1
26 11 10
27 24 47
28 89 16
29 93 44
30 83 29
31 10 16
32 66 13
33 12 51
34 36 21
35 63 19
36 88 20
37 41 1
38 12 21
39 60 2
40 59 19
41 31 8
42 53 55
43 7 28
44 86 25
45 8 50
46 52 17
47 92 19
48 79 1
49 48 30
0 89 22
1 10 30
2 2 51
3 92 32
4 65 13
5 32 15
6 21 32
7 49 42
8 4 6
9 90 48
10 94 53
11 16 35
12 12 27
13 12 7
14 84 27
15 33 13
16 80 24
17 17 12
18 70 14
19 20 11
20 32 13
21 13 55
22 14 17
23 33 28
24 89 44
25 31 43
26 88 20
27 27 4
28 82 25
29 68 21
30 5 35
31 73 47
32 96 54
33 29 28
34 70 43
35 10 27
36 98 42
37 73 19
38 36 13
39 4 12
40 93 12
41 69 7
42 70 10
43 31 38
44 46 14
45 21 1
46 7 15
47 29 2
48 93 12
49 85 27
0 84 13
1 65 43
2 69 43
3 61 29
4 79 16
5 41 30
6 63 36
7 6 37
8 96 35
9 87 4
10 29 21
11 45 32
12 3 16
13 17 37
14 73 3
15 72 2
16 63 8
17 11 10
18 65 42
19 30 19
20 77 41
21 94 17
22 26 46
23 75 51
24 80 18
25 20 22
26 77 51
27 6 32
28 47 24
29 39 24
30 89 3
31 14 37
32 6 12
33 45 10
34 30 29
35 54 46
36 47 40
37 47 28
38 93 26
39 38 18
40 62 55
41 91 12
42 57 14
43 12 12
44 60 46
45 30 17
46 97 33
47 67 56
48 26 45
49 27 18
0 86 37
1 24 29
2 97 35
3 86 26
4 81 22
5 93 16
6 9 49
7 71 37
8 79 48
9 82 17
10 98 4
11 62 15
12 51 16
13 75 16
14 74 23
15 95 9
16 31 6
17 71 8
18 18 37
19 46 54
20 76 45
21 60 31
22 91 7
23 34 2
24 53 8
25 5 17
26 54 39
27 4 40
28 71 14
29 92 49
30 4 21
31 14 14
32 40 21
33 17 20
34 14 40
35 91 9
36 47 37
37 17 54
38 86 44
39 46 27
40 70 32
41 4 48
42 53 42
43 3 48
44 27 27
45 7 10
46 92 58
47 29 55
48 40 37
49 65 1
0 54 13
1 72 45
2 26 32
3 7 39
4 81 12
5 39 39
6 12 57
7 98 52
8 27 42
9 54 32
10 57 42
11 93 28
12 84 46
13 65 28
14 99 48
15 71 51
16 97 37
17 72 47
18 80 44
19 40 44
20 57 18
21 33 20
22 72 57
23 37 23
24 46 32
25 12 26
26 31 55
27 13 55
28 98 43
29 13 33
30 76 55
31 27 57
32 8 42
33 85 49
34 87 1
35 59 56
36 70 54
37 97 57
38 73 47
39 84 38
40 52 31
41 80 56
42 35 29
43 59 41
44 11 24
45 44 20
46 94 34
47 80 24
48 48 31
49 24 42
0 46 13
1 79 15
2 34 26
3 96 12
4 52 39
5 18 22
6 62 1
7 83 36
8 29 18
9 60 43
10 89 31
11 95 36
12 79 6
13 60 38
14 91 27
15 45 7
16 20 36
17 3 21
18 80 5
19 5 25
20 42 22
21 52 57
22 29 43
23 96 54
24 39 40
25 96 12
26 32 36
27 90 38
28 26 58
29 31 12
30 65 22
31 74 13
32 80 24
33 79 50
34 35 22
35 25 27
36 21 15
37 96 23
38 30 24
39 41 56
40 32 30
41 49 20
42 18 31
43 89 37
44 11 2
45 24 22
46 90 7
47 31 37
48 16 8
49 44 11
0 88 25
1 73 53
2 25 29
3 8 13
4 48 45
5 86 33
6 18 43
7 35 44
8 14 15
9 43 43
10 95 57
11 16 37
12 42 19
13 27 43
14 98 51
15 92 7
16 74 14
17 65 28
18 3 51
19 94 39
20 13 25
21 70 23
22 46 3
23 76 20
24 17 23
25 18 4
26 37 8
27 11 29
28 67 40
29 13 15
30 81 4
31 4 29
32 22 9
33 7 32
34 48 41
35 67 18
36 20 29
37 88 48
38 94 6
39 51 43
40 61 57
41 51 23
42 22 44
43 4 18
44 83 12
45 48 2
46 71 22
47 13 24
48 14 29
49 32 16
0 23 27
1 72 19
2 93 4
3 83 51
4 76 40
5 90 47
6 96 55
7 33 11
8 92 20
9 38 1
10 7 24
11 67 44
12 41 29
13 4 55
14 99 41
15 80 34
16 69 15
17 49 15
18 24 45
19 49 40
20 98 1
21 84 44
22 57 8
23 13 9
24 86 25
25 82 39
26 9 11
27 77 48
28 29 27
29 48 40
30 56 28
31 32 56
32 82 21
33 25 54
34 71 46
35 33 5
36 27 43
37 66 8
38 95 36
39 92 27
40 35 28
41 43 3
42 43 15
43 74 58
44 98 20
45 44 19
46 35 56
47 60 56
48 2 33
49 57 43
0 76 2
1 83 56
2 80 52
3 60 9
4 36 7
5 40 19
6 6 11
7 72 37
8 64 30
9 56 38
10 91 19
11 74 22
12 43 56
13 58 41
14 97 17
15 52 9
16 9 10
17 77 23
18 91 15
19 33 44
20 46 15
21 62 42
22 63 12
23 95 51
24 89 7
25 23 54
26 32 14
27 60 23
28 39 51
29 90 11
30 53 10
31 14 15
32 98 8
33 16 3
34 3 22
35 78 35
36 53 42
37 24 56
38 75 15
39 92 17
40 97 34
41 59 56
42 5 39
43 77 54
44 25 2
45 57 19
46 45 3
47 35 31
48 71 8
49 28 38
0 10 40
1 72 21
2 27 44
3 27 16
4 52 15
5 6 50
6 39 11
7 92 27
8 51 38
9 82 23
10 72 2
11 69 46
12 32 39
13 19 9
14 41 14
15 96 25
16 26 7
17 87 58
18 13 22
19 65 41
20 70 37
21 47 20
22 79 39
23 39 18
24 16 36
25 90 5
26 88 2
27 59 39
28 13 37
29 14 8
30 21 40
31 17 19
32 10 29
33 51 27
34 79 36
35 37 8
36 90 41
37 27 45
38 99 57
39 37 20
40 18 33
41 71 58
42 80 30
43 97 16
44 7 28
45 80 9
46 27 5
47 78 36
48 25 8
49 12 27
0 39 40
1 57 8
2 2 12
3 97 21
4 37 45
5 46 45
6 50 45
7 26 45
8 85 48
9 10 24
10 96 18
11 85 31
12 78 44
13 70 11
14 89 22
15 14 43
16 13 18
17 21 26
18 95 55
19 3 37
20 42 46
21 78 29
22 73 37
23 45 41
24 20 9
25 45 9
26 11 49
27 36 14
28 65 7
29 25 19
30 36 4
31 50 45
32 25 26
33 35 36
34 23 31
35 60 36
36 43 23
37 54 20
38 48 23
39 6 16
40 17 45
41 27 41
42 96 11
43 52 55
44 17 16
45 72 32
46 19 4
47 46 32
48 14 22
49 15 57
0 37 14
1 29 32
2 3 49
3 62 14
4 8 17
5 16 58
6 20 20
7 69 29
8 20 33
9 12 47
10 82 13
11 3 1
12 56 38
13 90 3
14 36 36
15 26 12
16 51 38
17 34 23
18 10 54
19 40 5
20 31 3
21 3 40
22 10 10
23 94 14
24 31 1
25 14 24
26 34 10
27 94 4
28 72 21
29 72 31
30 16 23
31 95 56
32 13 8
33 81 16
34 51 11
35 1 44
36 86 36
37 66 54
38 52 18
39 57 32
40 95 7
41 38 30
42 20 33
43 83 43
44 29 32
45 50 32
46 98 18
47 71 14
48 4 57
49 9 14
0 53 38
1 87 22
2 86 17
3 94 12
4 74 58
5 8 38
6 91 58
7 58 9
8 35 7
9 65 20
10 8 4
11 47 29
12 51 39
13 36 31
14 46 44
15 10 49
16 71 41
17 95 22
18 16 9
19 16 21
20 28 19
21 52 15
22 28 16
23 60 17
24 88 21
25 58 12
26 12 49
27 80 4
28 88 23
29 85 12
30 78 38
31 25 25
32 18 34
33 21 18
34 37 58
35 96 32
36 30 57
37 30 57
38 34 6
39 79 5
40 93 19
41 89 29
42 8 33
43 1 21
44 7 25
45 43 41
46 21 34
47 58 10
48 75 28
49 51 42
0 98 54
1 22 47
2 30 20
3 32 10
4 33 8
5 7 41
6 53 21
7 12 57
8 55 9
9 72 9
10 70 30
11 71 45
12 21 34
13 37 28
14 69 7
15 83 34
16 21 5
17 38 6
18 19 32
19 33 30
20 35 30
21 85 16
22 75 23
23 94 28
24 78 1
25 7 49
26 10 13
27 88 35
28 39 21
29 47 40
30 29 40
31 38 16
32 53 54
33 83 3
34 31 25
35 35 2
36 81 9
37 83 11
38 98 20
39 87 16
40 43 19
41 91 53
42 37 5
43 16 55
44 2 43
45 25 31
46 93 51
47 6 12
48 20 1
49 67 46
0 59 41
1 54 30
2 37 25
3 57 28
4 48 2
5 78 26
6 33 20
7 11 33
8 17 24
9 87 7
10 51 38
11 62 9
12 12 42
13 85 31
14 27 12
15 29 31
16 11 33
17 42 39
18 84 42
19 92 18
20 84 19
21 21 4
22 54 31
23 43 22
24 65 20
25 34 18
26 41 18
27 82 34
28 9 29
29 59 18
30 64 23
31 4 33
32 85 48
33 69 14
34 13 5
35 36 14
36 43 3
37 51 45
38 55 46
39 79 27
40 3 53
41 89 27
42 69 36
43 9 37
44 74 3
45 64 10
46 90 31
47 68 58
48 77 48
49 28 17
0 61 17
1 84 11
2 25 20
3 97 14
4 45 56
5 97 40
6 41 30
7 84 16
8 26 17
9 49 3
10 37 56
11 82 5
12 91 58
13 67 45
14 38 38
15 96 5
16 56 21
17 39 41
18 6 51
19 57 13
20 17 31
21 24 9
22 74 3
23 31 11
24 73 9
25 33 25
26 24 40
27 98 40
28 63 45
29 21 54
30 41 58
31 15 26
32 91 26
33 28 40
34 6 39
35 18 43
36 46 23
37 33 14
38 3 2
39 86 5
40 69 37
41 39 57
42 19 29
43 61 37
44 70 8
45 51 12
46 81 4
47 36 29
48 76 16
49 60 18
0 8 5
1 11 46
2 26 25
3 70 28
4 33 20
5 12 33
6 92 56
7 28 23
8 8 37
9 65 42
10 47 19
11 3 58
12 10 32
13 66 45
14 33 40
15 97 15
16 65 31
17 78 28
18 71 48
19 42 56
20 15 55
21 5 48
22 34 17
23 81 25
24 9 47
25 84 44
26 44 1
27 93 54
28 93 38
29 11 37
30 73 13
31 35 42
32 75 47
33 44 2
34 68 14
35 82 31
36 39 57
37 33 30
38 30 58
39 45 36
40 61 37
41 76 19
42 47 36
43 65 13
44 18 28
45 59 39
46 75 48
47 36 23
48 90 10
49 49 40
0 7 41
1 12 6
2 81 30
3 56 21
4 39 54
5 26 42
6 36 10
7 82 54
8 5 38
9 36 46
10 73 31
11 14 14
12 9 55
13 32 42
14 56 15
15 47 29
16 86 18
17 14 33
18 79 4
19 17 17
20 92 12
21 17 40
22 84 58
23 92 11
24 50 17
25 70 47
26 36 49
27 94 8
28 13 15
29 29 22
30 33 12
31 34 20
32 81 27
33 23 6
34 65 41
35 99 22
36 39 47
37 90 53
38 72 38
39 8 49
40 40 5
41 2 32
42 8 25
43 23 20
44 6 18
45 8 4
46 88 52
47 28 37
48 31 37
49 23 18
0 45 55
1 7 13
2 19 21
3 31 54
4 74 22
5 6 38
6 5 43
7 23 36
8 11 10
9 68 21
10 53 1
11 56 20
12 86 41
13 35 27
14 82 25
15 23 46
16 9 14
17 80 38
18 64 40
19 92 53
20 95 29
21 65 9
22 79 27
23 15 56
24 50 29
25 90 10
26 60 2
27 12 43
28 88 44
29 89 38
30 34 4
31 94 41
32 26 14
33 93 24
34 18 58
35 37 37
36 79 7
37 26 8
38 96 35
39 3 36
40 2 49
41 92 35
42 60 57
43 32 56
44 6 25
45 75 23
46 53 43
47 36 3
48 58 4
49 2 46
0 18 55
1 29 55
2 11 57
3 72 43
4 95 52
5 5 48
6 34 55
7 56 16
8 96 35
9 8 4
10 3 17
11 33 2
12 15 9
13 45 30
14 99 26
15 44 9
16 37 29
17 38 55
18 47 36
19 50 8
20 21 30
21 65 28
22 31 42
23 6 51
24 67 45
25 10 31
26 30 17
27 4 31
28 94 34
29 48 40
30 84 21
31 2 53
32 61 1
33 37 41
34 61 2
35 58 15
36 3 32
37 49 18
38 32 29
39 2 30
40 24 21
41 71 10
42 9 54
43 2 52
44 24 4
45 92 21
46 60 2
47 22 33
48 22 38
49 62 2
0 77 41
1 96 32
2 76 50
3 65 45
4 19 25
5 66 38
6 8 41
7 91 6
8 75 13
9 65 39
10 37 10
11 80 34
12 82 31
13 97 10
14 17 39
15 19 56
16 6 23
17 91 36
18 66 15
19 12 17
20 48 29
21 81 1
22 7 25
23 35 23
24 81 53
25 59 29
26 6 11
27 76 17
28 8 26
29 92 47
30 29 39
31 16 10
32 21 23
33 11 30
34 9 19
35 2 49
36 79 12
37 11 23
38 96 18
39 3 44
40 86 6
41 4 27
42 63 42
43 78 37
44 68 38
45 12 23
46 51 56
47 37 4
48 5 2
49 88 32
0 39 41
1 52 30
2 45 55
3 50 10
4 8 56
5 24 12
6 27 3
7 63 8
8 55 28
9 21 28
10 24 18
11 51 10
12 79 2
13 47 7
14 48 4
15 18 41
16 80 18
17 98 36
18 48 9
19 15 37
20 64 22
21 70 14
22 36 8
23 15 8
24 4 14
25 68 44
26 3 54
27 94 12
28 40 12
29 60 17
30 98 9
31 76 54
32 30 45
33 22 5
34 85 24
35 22 8
36 20 16
37 68 27
38 10 36
39 89 8
40 42 19
41 87 17
42 13 16
43 45 42
44 24 22
45 35 40
46 31 26
47 93 41
48 15 18
49 40 57
0 20 20
1 71 41
2 81 31
3 39 27
4 1 13
5 4 45
6 78 36
7 46 7
8 11 20
9 76 46
10 21 43
11 45 28
12 3 41
13 32 32
14 77 56
15 13 10
16 94 4
17 12 13
18 18 1
19 59 2
20 41 19
21 25 40
22 47 19
23 45 57
24 89 24
25 33 6
26 94 39
27 76 16
28 5 45
29 64 20
30 17 14
31 96 30
32 81 5
33 16 45
34 88 21
35 39 38
36 74 57
37 69 58
38 99 8
39 71 40
40 46 45
41 91 52
42 74 31
43 98 52
44 86 46
45 52 28
46 81 23
47 39 14
48 6 5
49 90 44
0 96 16
1 60 23
2 25 27
3 36 56
4 96 43
5 26 16
6 96 3
7 82 25
8 20 30
9 85 13
10 57 45
11 53 44
12 38 7
13 93 15
14 26 55
15 36 27
16 87 16
17 53 15
18 98 26
19 50 21
20 29 56
21 23 36
22 25 37
23 4 29
24 82 51
25 23 25
26 9 21
27 15 16
28 49 39
29 19 25
30 59 23
31 3 18
32 81 14
33 7 53
34 29 37
35 78 1
36 89 11
37 80 3
38 27 46
39 21 5
40 29 36
41 40 58
42 11 49
43 21 41
44 34 14
45 87 9
46 84 11
47 40 28
48 4 23
49 50 1
0 63 15
1 60 41
2 72 37
3 37 51
4 78 34
5 84 29
6 54 39
7 62 19
8 9 9
9 87 42
10 29 44
11 50 32
12 61 3
13 11 2
14 25 46
15 89 39
16 42 22
17 7 20
18 35 6
19 27 13
20 10 24
21 44 40
22 75 12
23 88 38
24 72 22
25 33 44
26 80 11
27 39 56
28 45 37
29 91 56
30 87 57
31 13 53
32 15 39
33 95 34
34 41 9
35 68 37
36 96 27
37 5 46
38 33 57
39 45 57
40 46 31
41 65 8
42 68 54
43 81 57
44 3 9
45 15 42
46 27 2
47 71 53
48 10 7
49 49 7
0 90 7
1 18 54
2 8 45
3 38 17
4 87 31
5 53 32
6 7 24
7 20 6
8 91 29
9 94 5
10 48 3
11 79 28
12 79 57
13 13 41
14 2 25
15 7 7
16 33 41
17 48 16
18 88 17
19 12 40
20 91 15
21 73 49
22 33 45
23 22 11
24 65 12
25 13 18
26 7 16
27 37 13
28 5 13
29 18 42
30 59 39
31 90 38
32 13 37
33 49 27
34 83 18
35 54 32
36 56 23
37 53 42
38 30 38
39 67 55
40 18 46
41 46 40
42 27 23
43 79 10
44 94 45
45 97 14
46 71 37
47 64 29
48 60 29
49 61 55
0 37 32
1 70 43
2 83 10
3 52 42
4 83 17
5 58 20
6 10 23
7 9 32
8 67 55
9 72 58
10 85 18
11 26 36
12 63 38
13 97 56
14 25 26
15 4 19
16 10 52
17 4 51
18 81 6
19 37 31
20 71 45
21 23 16
22 87 36
23 79 34
24 81 25
25 39 44
26 84 46
27 25 6
28 83 17
29 27 18
30 8 2
31 94 14
32 97 25
33 49 31
34 38 57
35 84 42
36 28 54
37 46 22
38 62 18
39 71 13
40 20 22
41 83 37
42 72 46
43 38 23
44 38 56
45 75 38
46 78 43
47 37 47
48 63 30
49 90 48
0 72 43
1 93 40
2 61 8
3 24 21
4 62 17
5 18 55
6 36 29
7 38 7
8 63 2
9 57 11
10 64 45
11 24 24
12 85 23
13 18 14
14 92 58
15 16 43
16 89 58
17 74 16
18 45 10
19 42 38
20 41 27
21 74 54
22 89 17
23 85 39
24 86 40
25 19 36
26 27 18
27 97 26
28 93 26
29 39 48
30 64 39
31 88 32
32 96 31
33 49 10
34 86 18
35 65 12
36 81 7
37 40 47
38 69 38
39 25 28
40 33 1
41 90 26
42 68 55
43 19 23
44 8 4
45 61 54
46 8 30
47 50 23
48 8 31
49 42 4
0 94 5
1 48 2
2 17 57
3 93 42
4 88 4
5 19 39
6 56 20
7 15 21
8 38 28
9 34 11
10 89 34
11 56 11
12 39 7
13 66 28
14 55 19
15 41 23
16 1 40
17 34 45
18 82 15
19 75 42
20 40 18
21 7 37
22 89 12
23 9 14
24 79 23
25 39 36
26 41 29
27 8 56
28 44 22
29 79 5
30 49 2
31 93 27
32 4 26
33 20 20
34 86 32
35 58 29
36 91 22
37 18 17
38 47 15
39 50 54
40 99 46
41 96 49
42 12 5
43 56 55
44 9 20
45 78 44
46 96 20
47 78 23
48 81 32
49 71 57
0 94 29
1 90 52
2 90 35
3 32 4
4 80 8
5 13 22
6 47 39
7 73 1
8 20 20
9 40 4
10 31 6
11 78 42
12 73 53
13 64 54
14 79 7
15 9 27
16 2 23
17 90 29
18 38 8
19 84 39
20 21 23
21 3 56
22 3 54
23 99 48
24 94 52
25 99 36
26 25 36
27 3 35
28 34 22
29 74 32
30 3 33
31 49 54
32 21 26
33 31 31
34 57 57
35 62 56
36 62 56
37 5 38
38 36 56
39 71 38
40 83 6
41 12 22
42 94 22
43 76 58
44 65 39
45 89 50
46 59 46
47 72 7
48 39 21
49 60 55
0 39 9
1 95 9
2 98 52
3 10 4
4 52 20
5 56 9
6 64 3
7 33 20
8 31 42
9 7 25
10 27 54
11 85 40
12 46 20
13 52 42
14 92 36
15 4 19
16 87 39
17 11 54
18 61 21
19 78 1
20 8 32
21 25 26
22 81 44
23 32 19
24 80 45
25 96 25
26 26 13
27 41 36
28 72 54
29 31 56
30 56 54
31 4 4
32 98 7
33 21 10
34 63 28
35 10 26
36 44 17
37 28 30
38 5 46
39 16 23
40 45 57
41 85 6
42 11 7
43 54 40
44 12 46
45 61 41
46 84 3
47 82 29
48 64 58
49 39 44
0 7 51
1 27 32
2 53 14
3 69 1
4 33 16
5 87 22
6 34 26
7 51 28
8 30 2
9 71 42
10 24 24
11 85 55
12 93 10
13 37 53
14 65 7
15 59 37
16 69 20
17 89 43
18 42 30
19 48 30
20 5 11
21 77 51
22 51 37
23 14 16
24 2 33
25 81 27
26 66 20
27 81 1
28 81 19
29 86 41
30 21 44
31 78 33
32 32 16
33 28 21
34 32 56
35 81 31
36 53 44
37 4 44
38 85 23
39 82 45
40 30 29
41 66 13
42 33 7
43 26 39
44 52 7
45 50 31
46 37 40
47 5 27
48 23 19
49 65 14
0 65 21
1 80 50
2 2 7
3 71 21
4 8 29
5 50 40
6 56 13
7 48 14
8 29 40
9 64 54
10 70 56
11 51 28
12 90 49
13 3 14
14 52 14
15 55 46
16 92 9
17 6 2
18 85 35
19 36 55
20 34 11
21 2 8
22 64 9
23 65 17
24 96 45
25 50 15
26 14 13
27 21 28
28 12 5
29 5 54
30 14 6
31 44 46
32 24 44
33 81 12
34 23 12
35 13 17
36 5 15
37 7 22
38 77 30
39 52 57
40 60 38
41 48 27
42 74 46
43 68 30
44 30 4
45 27 3
46 6 20
47 11 33
48 84 23
49 66 56
0 84 29
1 65 36
2 35 24
3 32 1
4 71 53
5 79 36
6 81 15
7 92 27
8 14 27
9 49 40
10 76 21
11 13 31
12 84 29
13 37 10
14 14 43
15 82 4
16 3 25
17 70 21
18 71 46
19 10 57
20 23 20
21 17 28
22 29 46
23 70 30
24 83 2
25 87 52
26 71 55
27 16 42
28 72 47
29 56 20
30 2 3
31 39 19
32 23 57
33 12 28
34 31 40
35 9 14
36 94 7
37 44 56
38 92 40
39 27 32
40 57 2
41 28 6
42 13 28
43 73 53
44 96 15
45 97 36
46 89 57
47 99 4
48 69 58
49 62 44
0 62 22
1 52 40
2 50 37
3 98 14
4 37 14
5 34 38
6 17 27
7 79 30
8 70 43
9 70 18
10 91 52
11 71 45
12 2 1
13 44 13
14 64 17
15 13 41
16 28 25
17 27 43
18 60 3
19 31 29
20 26 39
21 18 4
22 98 57
23 18 11
24 34 56
25 96 32
26 19 44
27 77 16
28 85 37
29 87 44
30 33 5
31 4 23
32 54 28
33 31 5
34 34 37
35 18 6
36 6 7
37 6 27
38 60 36
39 93 51
40 92 44
41 92 50
42 75 39
43 84 10
44 93 6
45 94 20
46 74 52
47 33 54
48 13 7
49 72 55
0 42 23
1 40 10
2 44 20
3 40 22
4 23 19
5 67 39
6 80 19
7 16 28
8 46 56
9 68 57
10 74 37
11 39 21
12 63 43
13 83 28
14 1 27
15 59 22
16 7 33
17 11 32
18 39 14
19 61 31
20 94 26
21 84 21
22 34 24
23 73 29
24 52 30
25 8 52
26 77 49
27 43 23
28 37 44
29 63 18
30 69 41
31 52 32
32 85 28
33 14 4
34 66 19
35 15 11
36 37 6
37 83 39
38 14 39
39 20 3
40 8 2
41 52 18
42 39 24
43 70 44
44 54 45
45 35 16
46 5 30
47 85 42
48 38 48
49 59 43
0 18 18
1 5 38
2 19 29
3 20 7
4 51 11
5 69 3
6 29 58
7 2 21
8 12 47
9 95 9
10 67 41
11 69 54
12 8 5
13 41 31
14 73 19
15 11 23
16 62 42
17 88 24
18 99 26
19 9 44
20 86 28
21 76 27
22 21 25
23 19 16
24 19 36
25 70 15
26 70 30
27 48 9
28 97 20
29 42 22
30 20 16
31 8 2
32 47 3
33 55 44
34 4 28
35 15 33
36 16 13
37 82 48
38 2 57
39 84 3
40 24 58
41 57 3
42 9 18
43 90 4
44 14 35
45 19 38
46 5 47
47 89 40
48 30 6
49 21 17
0 4 27
1 28 55
2 59 9
3 38 54
4 57 13
5 93 43
6 79 30
7 34 43
8 78 53
9 51 14
10 49 29
11 83 30
12 58 16
13 70 55
14 21 19
15 79 8
16 50 29
17 19 30
18 37 57
19 51 28
20 77 56
21 14 18
22 9 30
23 84 16
24 80 21
25 89 9
26 58 17
27 84 33
28 10 13
29 25 21
30 81 51
31 49 3
32 42 39
33 86 21
34 40 19
35 87 54
36 92 8
37 91 48
38 75 2
39 22 22
40 33 25
41 97 54
42 26 55
43 92 5
44 10 47
45 37 36
46 51 12
47 96 20
48 63 10
49 65 10
0 83 48
1 24 26
2 92 27
3 56 21
4 22 6
5 67 13
6 3 52
7 2 21
8 88 45
9 33 25
10 48 8
11 9 3
12 51 28
13 60 45
14 86 44
15 10 46
16 27 5
17 64 54
18 3 3
19 51 27
20 85 17
21 64 28
22 29 22
23 93 34
24 55 32
25 96 14
26 15 13
27 63 8
28 88 33
29 38 21
30 14 17
31 52 45
32 25 13
33 93 8
34 82 31
35 41 17
36 89 40
37 11 45
38 34 3
39 90 50
40 94 15
41 80 10
42 68 54
43 75 42
44 67 19
45 50 40
46 55 32
47 61 44
48 71 57
49 31 57
0 93 16
1 48 37
2 9 26
3 60 38
4 17 14
5 5 22
6 13 15
7 22 25
8 75 29
9 42 46
10 29 12
11 25 11
12 50 58
13 33 43
14 30 38
15 32 30
16 6 4
17 9 21
18 25 19
19 81 27
20 68 14
21 36 32
22 51 37
23 9 29
24 71 39
25 73 20
26 17 31
27 2 36
28 20 9
29 87 30
30 17 33
31 21 43
32 97 10
33 61 22
34 44 23
35 32 42
36 4 45
37 47 2
38 10 31
39 51 39
40 80 49
41 71 43
42 96 13
43 24 13
44 85 29
45 95 51
46 53 42
47 34 56
48 8 15
49 7 24
0 16 24
1 93 27
2 77 2
3 7 25
4 3 58
5 28 4
6 25 10
7 19 31
8 6 39
9 3 17
10 24 24
11 2 15
12 23 4
13 70 56
14 54 2
15 72 47
16 66 40
17 57 46
18 71 49
19 83 16
20 75 49
21 28 5
22 10 21
23 3 4
24 43 17
25 68 15
26 84 18
27 41 22
28 22 13
29 10 31
30 99 47
31 86 1
32 56 22
33 54 13
34 78 46
35 62 42
36 38 16
37 46 57
38 41 38
39 44 56
40 48 16
41 79 6
42 21 33
43 54 40
44 71 3
45 88 36
46 86 53
47 69 8
48 2 45
49 97 8
0 10 42
1 64 38
2 12 12
3 40 8
4 30 6
5 77 47
6 70 21
7 36 22
8 60 14
9 63 56
10 20 18
11 15 24
12 5 19
13 87 40
14 83 37
15 22 9
16 94 25
17 24 55
18 54 8
19 59 7
20 21 15
21 69 43
22 44 31
23 55 46
24 84 46
25 89 57
26 98 45
27 32 40
28 34 26
29 96 35
30 93 46
31 70 12
32 22 36
33 33 21
34 49 39
35 89 5
36 73 13
37 35 24
38 82 27
39 4 45
40 31 43
41 6 9
42 20 14
43 89 6
44 52 14
45 58 15
46 21 14
47 7 39
48 53 30
49 74 42
0 99 9
1 90 44
2 91 28
3 92 4
4 86 35
5 59 17
6 88 22
7 10 22
8 72 21
9 92 49
10 65 21
11 32 12
12 45 4
13 86 58
14 94 55
15 34 7
16 17 5
17 20 29
18 45 30
19 71 54
20 5 18
21 56 17
22 2 24
23 16 55
24 90 21
25 78 38
26 45 30
27 3 58
28 31 40
29 82 4
30 94 41
31 25 12
32 76 47
33 88 32
34 72 16
35 89 45
36 23 14
37 97 39
38 4 32
39 32 36
40 83 53
41 58 56
42 82 10
43 89 56
44 98 18
45 52 7
46 92 24
47 6 43
48 85 36
49 57 57
0 30 3
1 45 17
2 15 16
3 48 27
4 91 33
5 95 1
6 81 28
7 35 8
8 52 20
9 10 12
10 10 11
11 5 6
12 21 43
13 19 22
14 58 2
15 91 2
16 31 12
17 79 15
18 45 4
19 27 9
20 87 50
21 88 56
22 15 6
23 65 3
24 32 16
25 4 44
26 86 28
27 31 40
28 83 53
29 19 7
30 73 3
31 93 55
32 90 44
33 78 39
34 14 43
35 6 20
36 30 3
37 67 37
38 3 27
39 81 23
40 70 46
41 49 2
42 88 49
43 72 32
44 67 23
45 8 51
46 38 56
47 70 57
48 79 28
49 36 21
0 4 7
1 70 20
2 93 40
3 12 32
4 28 43
5 3 19
6 96 19
7 96 16
8 19 23
9 1 34
10 58 42
11 85 26
12 81 52
13 16 29
14 47 28
15 12 38
16 93 14
17 75 30
18 34 37
19 74 41
20 77 56
21 84 27
22 18 6
23 46 45
24 14 22
25 9 50
26 28 3
27 73 42
28 15 47
29 8 30
30 37 8
31 72 56
32 51 16
33 84 11
34 82 51
35 78 2
36 72 30
37 85 33
38 66 38
39 12 56
40 36 11
41 63 43
42 95 43
43 5 4
44 51 37
45 25 15
46 93 6
47 90 52
48 18 45
49 88 42
0 14 56
1 11 42
2 98 32
3 29 3
4 96 54
5 86 19
6 7 54
7 77 18
8 38 4
9 49 8
10 7 49
11 82 31
12 30 24
13 27 28
14 88 42
15 87 18
16 7 30
17 96 36
18 98 53
19 27 31
20 88 32
21 27 24
22 72 18
23 66 19
24 23 28
25 26 57
26 81 56
27 21 56
28 38 48
29 98 43
30 76 39
31 70 11
32 96 50
33 50 36
34 65 14
35 88 9
36 38 56
37 43 29
38 86 26
39 22 21
40 65 37
41 69 39
42 25 55
43 21 4
44 51 30
45 30 2
46 84 21
47 79 4
48 27 37
49 9 36
0 57 57
1 69 32
2 55 4
3 20 38
4 10 16
5 52 55
6 99 58
7 93 14
8 37 51
9 56 13
10 44 20
11 5 54
12 59 21
13 65 32
14 35 30
15 60 36
16 51 40
17 78 48
18 10 8
19 33 30
20 76 14
21 36 8
22 57 32
23 63 29
24 64 12
25 98 7
26 85 53
27 8 31
28 39 30
29 5 53
30 52 12
31 94 51
32 33 26
33 44 36
34 70 30
35 98 6
36 76 30
37 70 30
38 88 18
39 28 23
40 70 7
41 25 2
42 13 40
43 45 28
44 91 35
45 39 14
46 34 26
47 46 39
48 78 24
49 20 56
0 18 13
1 95 2
2 18 5
3 74 9
4 58 30
5 29 15
6 2 15
7 95 44
8 21 11
9 75 9
10 42 39
11 25 42
12 80 2
13 15 29
14 4 20
15 51 31
16 95 35
17 53 15
18 9 26
19 73 17
20 18 38
21 61 31
22 97 18
23 4 20
24 7 3
25 61 17
26 34 56
27 79 50
28 9 56
29 74 42
30 57 46
31 41 30
32 58 43
33 82 52
34 50 38
35 88 38
36 82 29
37 51 54
38 16 25
39 6 40
40 61 3
41 66 28
42 67 23
43 96 5
44 79 58
45 47 9
46 66 58
47 97 34
48 16 21
49 14 26
0 72 51
1 87 22
2 76 21
3 54 31
4 21 8
5 74 44
6 37 48
7 31 24
8 14 38
9 4 10
10 65 11
11 10 26
12 40 40
13 46 17
14 74 41
15 69 20
16 37 56
17 91 13
18 12 37
19 76 43
20 83 54
21 29 3
22 26 15
23 27 40
24 44 28
25 9 35
26 81 12
27 12 28
28 11 12
29 98 33
30 27 18
31 9 24
32 57 20
33 39 39
34 34 20
35 60 27
36 37 27
37 42 31
38 5 16
39 65 28
40 87 42
41 3 25
42 20 56
43 96 24
44 29 42
45 28 38
46 83 45
47 4 5
48 90 51
49 99 24
0 97 13
1 89 9
2 78 48
3 97 26
4 98 48
5 5 19
6 84 4
7 96 23
8 32 46
9 22 36
10 66 20
11 43 9
12 81 23
13 30 40
14 24 12
15 65 9
16 75 31
17 23 2
18 37 40
19 95 46
20 87 29
21 79 45
22 25 36
23 78 46
24 58 14
25 30 42
26 89 27
27 94 22
28 9 45
29 24 41
30 87 12
31 51 1
32 98 50
33 25 3
34 9 46
35 95 5
36 28 22
37 26 15
38 3 48
39 73 13
40 2 15
41 69 13
42 61 41
43 74 2
44 60 54
45 20 16
46 80 11
47 8 46
48 33 38
49 8 15
0 59 1
1 94 10
2 85 4
3 83 36
4 36 19
5 44 17
6 46 20
7 43 46
8 30 4
9 29 30
10 95 53
11 76 15
12 92 53
13 46 8
14 2 17
15 31 6
16 36 31
17 21 4
18 94 41
19 48 23
20 72 37
21 32 56
22 82 36
23 85 41
24 59 20
25 88 52
26 58 58
27 83 53
28 89 5
29 90 38
30 96 9
31 12 5
32 52 11
33 6 12
34 90 40
35 4 29
36 72 49
37 2 23
38 92 40
39 47 16
40 4 17
41 38 57
42 41 30
43 28 31
44 97 6
45 92 13
46 16 2
47 67 2
48 36 15
49 79 42
0 9 44
1 63 16
2 31 3
3 46 43
4 3 58
5 89 22
6 42 38
7 15 19
8 17 38
9 26 6
10 60 20
11 57 45
12 32 10
13 27 30
14 38 21
15 47 13
16 82 23
17 15 34
18 67 37
19 76 28
20 11 51
21 26 17
22 26 26
23 52 44
24 12 50
25 45 54
26 67 57
27 95 52
28 14 55
29 88 35
30 87 57
31 63 41
32 86 50
33 19 2
34 48 28
35 30 13
36 2 45
37 45 29
38 45 31
39 34 26
40 8 33
41 25 54
42 30 37
43 24 7
44 4 26
45 68 1
46 75 19
47 9 14
48 16 57
49 44 56
0 39 41
1 7 48
2 60 36
3 68 31
4 5 36
5 15 28
6 29 26
7 27 57
8 8 42
9 96 43
10 73 55
11 32 40
12 98 28
13 33 10
14 94 7
15 2 19
16 93 21
17 2 53
18 69 13
19 59 56
20 65 41
21 37 45
22 38 14
23 98 20
24 39 16
25 59 3
26 68 20
27 99 34
28 67 17
29 82 19
30 50 54
31 22 21
32 9 30
33 90 30
34 11 55
35 67 30
36 58 22
37 93 43
38 7 50
39 69 8
40 73 29
41 39 45
42 68 12
43 27 20
44 76 19
45 71 38
46 45 40
47 71 41
48 87 30
49 83 54
0 23 2
1 67 36
2 36 4
3 59 15
4 68 57
5 13 19
6 19 17
7 27 39
8 64 55
9 77 56
10 64 21
11 1 13
12 98 19
13 92 54
14 86 42
15 98 36
16 33 45
17 11 28
18 56 21
19 97 39
20 17 58
21 8 53
22 21 27
23 82 11
24 75 15
25 16 45
26 35 46
27 40 56
28 96 51
29 27 42
30 82 14
31 56 16
32 26 20
33 42 38
34 34 29
35 83 39
36 10 19
37 86 11
38 75 21
39 64 37
40 38 8
41 86 42
42 74 47
43 89 46
44 25 2
45 97 34
46 94 24
47 9 47
48 18 6
49 47 46
0 39 29
1 94 5
2 66 40
3 13 20
4 71 36
5 26 19
6 3 29
7 60 45
8 55 37
9 54 43
10 13 54
11 84 51
12 11 2
13 29 36
14 36 52
15 43 30
16 77 17
17 40 14
18 79 5
19 45 3
20 80 50
21 15 31
22 23 44
23 5 40
24 85 21
25 22 11
26 98 38
27 63 11
28 60 2
29 14 8
30 79 58
31 97 30
32 79 12
33 29 4
34 84 15
35 83 11
36 54 21
37 5 43
38 15 19
39 64 22
40 40 30
41 27 15
42 97 16
43 49 31
44 5 49
45 2 29
46 4 26
47 6 30
48 60 43
49 80 54
0 49 31
1 61 36
2 13 27
3 11 41
4 60 19
5 82 13
6 85 52
7 61 58
8 83 21
9 62 16
10 8 7
11 63 21
12 91 10
13 80 38
14 84 45
15 17 22
16 71 12
17 13 30
18 94 30
19 69 30
20 96 55
21 10 24
22 14 44
23 67 31
24 12 20
25 24 1
26 91 5
27 94 46
28 29 30
29 25 46
30 31 6
31 7 26
32 40 46
33 23 31
34 20 11
35 71 9
36 94 44
37 78 23
38 36 28
39 17 10
40 34 3
41 26 57
42 84 53
43 93 13
44 62 58
45 74 3
46 22 36
47 52 12
48 81 34
49 70 29
0 26 41
1 86 52
2 78 56
3 6 51
4 94 25
5 89 18
6 32 15
7 7 53
8 59 28
9 77 44
10 23 6
11 9 33
12 84 35
13 86 54
14 42 9
15 5 9
16 86 3
17 61 17
18 8 55
19 95 54
20 32 46
21 40 57
22 97 50
23 36 40
24 90 12
25 49 13
26 43 43
27 24 11
28 34 23
29 59 41
30 67 40
31 92 28
32 86 35
33 5 1
34 47 42
35 66 4
36 93 18
37 50 57
38 85 18
39 95 10
40 26 8
41 31 23
42 32 43
43 32 6
44 18 18
45 96 16
46 73 14
47 39 41
48 50 55
49 16 10
0 89 37
1 10 42
2 87 9
3 84 49
4 38 25
5 99 40
6 4 5
7 28 32
8 54 14
9 81 48
10 13 17
11 27 55
12 55 41
13 93 53
14 83 17
15 66 45
16 93 18
17 69 57
18 17 44
19 17 37
20 12 8
21 54 16
22 3 22
23 88 52
24 90 20
25 7 41
26 94 29
27 57 56
28 3 25
29 28 24
30 6 7
31 23 24
32 91 11
33 44 36
34 26 17
35 11 57
36 15 39
37 44 42
38 38 31
39 69 54
40 3 56
41 85 12
42 80 13
43 49 2
44 28 6
45 51 28
46 83 47
47 80 43
48 35 26
49 87 58
0 52 43
1 8 34
2 41 15
3 58 10
4 78 47
5 25 57
6 36 52
7 41 41
8 80 55
9 12 40
10 49 9
11 67 23
12 89 8
13 4 39
14 66 22
15 95 44
16 14 38
17 98 5
18 98 52
19 6 32
20 51 58
21 76 47
22 47 43
23 71 31
24 78 14
25 40 49
26 83 4
27 15 4
28 78 57
29 89 52
30 78 3
31 52 42
32 79 48
33 10 39
34 86 54
35 11 39
36 34 38
37 4 9
38 53 22
39 69 56
40 37 47
41 52 54
42 37 21
43 51 57
44 98 33
45 21 8
46 47 43
47 32 15
48 75 12
49 17 38
0 54 46
1 4 31
2 88 48
3 57 56
4 49 28
5 81 5
6 97 46
7 70 31
8 83 29
9 89 10
10 58 45
11 61 31
12 4 53
13 58 37
14 80 34
15 18 10
16 34 19
17 34 36
18 55 18
19 27 5
20 58 55
21 63 9
22 83 20
23 85 39
24 50 28
25 39 55
26 82 45
27 69 36
28 42 31
29 18 20
30 51 15
31 85 42
32 41 54
33 67 27
34 8 40
35 60 43
36 60 54
37 7 51
38 14 18
39 23 23
40 12 3
41 42 7
42 58 20
43 28 17
44 29 8
45 6 56
46 23 26
47 6 25
48 93 55
49 22 43
0 3 53
1 81 50
2 4 16
3 73 15
4 19 30
5 70 43
6 83 31
7 82 19
8 5 21
9 24 7
10 24 40
11 46 58
12 74 13
13 32 57
14 98 47
15 78 54
16 8 42
17 45 43
18 17 10
19 59 23
20 24 11
21 30 12
22 81 53
23 84 53
24 87 48
25 10 1
26 70 12
27 72 18
28 19 46
29 82 8
30 92 25
31 26 5
32 73 20
33 35 41
34 27 39
35 7 53
36 41 28
37 93 14
38 90 34
39 19 14
40 87 40
41 76 38
42 65 14
43 62 54
44 63 58
45 35 4
46 98 12
47 14 7
48 82 11
49 6 20
0 8 52
1 49 41
2 21 54
3 83 44
4 27 36
5 62 43
6 28 10
7 4 46
8 87 24
9 22 19
10 29 18
11 88 50
12 75 44
13 93 2
14 81 34
15 25 27
16 6 55
17 26 25
18 64 40
19 82 52
20 92 39
21 62 44
22 77 54
23 14 16
24 20 40
25 41 54
26 44 40
27 72 15
28 4 21
29 58 14
30 20 34
31 64 15
32 67 57
33 98 49
34 3 22
35 50 56
36 5 57
37 43 54
38 12 8
39 91 22
40 64 15
41 2 25
42 67 16
43 39 3
44 48 27
45 84 14
46 76 51
47 26 43
48 15 3
49 9 33
0 25 2
1 64 41
2 19 20
3 2 55
4 76 20
5 95 23
6 22 12
7 84 22
8 6 38
9 16 31
10 79 37
11 72 36
12 97 46
13 47 36
14 4 47
15 34 13
16 77 31
17 19 46
18 86 8
19 95 40
20 6 33
21 18 42
22 13 28
23 28 14
24 42 9
25 15 19
26 1 26
27 87 2
28 14 27
29 10 50
30 37 57
31 38 28
32 91 32
33 30 40
34 18 23
35 55 17
36 18 27
37 50 36
38 69 40
39 73 9
40 68 10
41 21 19
42 61 8
43 99 19
44 68 56
45 47 57
46 93 54
47 39 51
48 63 9
49 89 22
0 76 55
1 47 42
2 66 9
3 30 24
4 48 57
5 71 38
6 66 9
7 46 44
8 60 39
9 8 36
10 60 38
11 52 1
12 29 7
13 15 34
14 63 41
15 81 52
16 13 51
17 68 31
18 7 49
19 27 55
20 86 40
21 41 22
22 46 16
23 65 11
24 10 42
25 88 33
26 95 29
27 27 1
28 76 46
29 34 38
30 17 22
31 56 43
32 20 22
33 98 54
34 95 31
35 12 41
36 52 31
37 89 39
38 82 50
39 91 34
40 51 38
41 92 51
42 92 57
43 88 8
44 37 47
45 45 3
46 67 1
47 19 5
48 94 34
49 11 49
0 43 1
1 77 38
2 40 36
3 78 38
4 54 46
5 38 41
6 48 14
7 32 19
8 49 41
9 77 23
10 66 58
11 34 8
12 81 10
13 89 42
14 15 3
15 19 5
16 88 46
17 40 56
18 91 43
19 5 4
20 80 54
21 7 22
22 79 55
23 73 52
24 57 29
25 82 9
26 72 17
27 80 52
28 38 13
29 7 52
30 30 7
31 62 14
32 64 30
33 40 41
34 95 15
35 99 20
36 97 24
37 93 47
38 24 4
39 92 10
40 15 15
41 89 3
42 42 38
43 44 23
44 3 10
45 12 3
46 5 49
47 66 20
48 6 21
49 30 36
0 69 23
1 76 38
2 89 21
3 7 41
4 99 53
5 22 16
6 96 48
7 53 12
8 90 29
9 10 4
10 14 4
11 68 37
12 16 38
13 5 35
14 71 41
15 66 16
16 20 19
17 32 29
18 5 7
19 43 21
20 39 3
21 14 20
22 25 45
23 37 3
24 21 9
25 2 18
26 46 7
27 88 1
28 5 38
29 6 47
30 72 57
31 8 4
32 6 28
33 8 41
34 17 44
35 89 21
36 75 58
37 15 58
38 84 32
39 71 50
40 30 23
41 84 37
42 74 49
43 17 6
44 19 35
45 96 32
46 12 20
47 26 55
48 86 26
49 4 46
0 58 39
1 12 29
2 37 11
3 97 47
4 22 55
5 58 39
6 70 9
7 68 2
8 46 39
9 44 46
10 91 50
11 73 2
12 13 52
13 2 20
14 50 42
15 89 2
16 53 42
17 90 6
18 57 22
19 85 39
20 98 56
21 26 46
22 36 18
23 61 46
24 27 16
25 95 16
26 2 43
27 31 57
28 92 32
29 18 33
30 33 45
31 35 15
32 4 26
33 6 19
34 13 6
35 13 21
36 64 2
37 14 15
38 72 44
39 65 4
40 12 23
41 86 37
42 41 5
43 23 39
44 43 20
45 67 46
46 90 40
47 96 26
48 81 16
49 96 26
0 37 8
1 92 14
2 53 16
3 40 45
4 95 22
5 4 53
6 37 5
7 71 29
8 80 51
9 47 38
10 30 27
11 87 3
12 82 54
13 82 55
14 91 21
15 9 20
16 93 18
17 51 43
18 14 57
19 7 5
20 14 45
21 25 22
22 33 5
23 90 52
24 79 5
25 43 45
26 23 4
27 99 9
28 69 15
29 57 19
30 84 34
31 81 21
32 31 54
33 86 14
34 95 31
35 18 39
36 66 8
37 50 36
38 43 31
39 11 21
40 60 16
41 15 2
42 97 23
43 15 31
44 96 56
45 47 9
46 95 16
47 81 36
48 89 53
49 11 15
0 27 4
1 24 40
2 70 38
3 85 29
4 54 56
5 66 41
6 11 18
7 82 21
8 99 14
9 97 32
10 95 5
11 69 46
12 53 18
13 63 58
14 56 3
15 95 49
16 36 3
17 85 30
18 37 47
19 11 35
20 17 54
21 7 27
22 13 37
23 15 18
24 73 22
25 63 56
26 12 26
27 7 38
28 1 56
29 73 41
30 71 17
31 4 1
32 29 23
33 96 17
34 87 29
35 98 42
36 18 2
37 20 12
38 3 8
39 13 35
40 86 43
41 90 12
42 32 23
43 93 24
44 28 31
45 93 47
46 53 37
47 9 35
48 47 21
49 9 28
0 16 32
1 63 17
2 67 19
3 81 32
4 69 57
5 25 41
6 21 53
7 57 45
8 40 43
9 88 48
10 60 29
11 12 3
12 90 13
13 63 17
14 9 19
15 46 7
16 38 2
17 66 41
18 8 17
19 69 29
20 79 19
21 47 22
22 20 5
23 60 8
24 79 47
25 79 37
26 83 56
27 37 48
28 17 36
29 16 40
30 77 19
31 83 12
32 85 57
33 37 2
34 83 8
35 10 18
36 18 43
37 88 2
38 50 7
39 37 29
40 95 51
41 1 57
42 23 54
43 29 26
44 53 37
45 31 15
46 90 31
47 90 39
48 3 19
49 96 13
0 15 31
1 18 38
2 55 36
3 66 37
4 22 44
5 89 46
6 2 37
7 90 6
8 78 38
9 82 15
10 81 44
11 12 20
12 86 46
13 46 8
14 47 21
15 58 55
16 15 24
17 46 9
18 99 19
19 89 54
20 71 1
21 37 13
22 44 15
23 93 54
24 35 2
25 97 54
26 95 30
27 88 33
28 44 55
29 8 48
30 15 45
31 58 28
32 93 51
33 33 23
34 79 29
35 64 1
36 93 34
37 99 9
38 25 6
39 58 15
40 36 44
41 60 14
42 6 36
43 81 33
44 80 20
45 8 20
46 3 53
47 32 10
48 92 50
49 43 14
0 90 25
1 84 51
2 34 45
3 11 40
4 18 9
5 68 46
6 89 35
7 92 39
8 67 44
9 24 54
10 84 53
11 93 32
12 53 43
13 52 43
14 69 20
15 15 16
16 17 43
17 40 18
18 68 44
19 97 14
20 20 33
21 86 31
22 10 26
23 75 31
24 65 29
25 71 46
26 4 55
27 73 43
28 31 20
29 62 45
30 63 20
31 15 45
32 50 2
33 71 29
34 24 28
35 49 11
36 22 19
37 39 26
38 90 14
39 62 28
40 28 42
41 14 7
42 86 4
43 32 28
44 83 51
45 87 44
46 16 8
47 66 1
48 97 7
49 88 54
0 61 14
1 17 4
2 80 48
3 29 40
4 66 58
5 38 41
6 73 53
7 68 54
8 75 48
9 99 36
10 3 5
11 34 13
12 76 23
13 28 27
14 23 41
15 74 17
16 56 38
17 42 23
18 98 8
19 90 14
20 25 54
21 90 48
22 33 20
23 5 19
24 58 20
25 9 33
26 65 28
27 76 48
28 8 34
29 66 56
30 15 8
31 14 47
32 37 21
33 58 57
34 52 54
35 3 21
36 96 4
37 97 10
38 61 37
39 13 54
40 82 44
41 95 41
42 2 27
43 93 13
44 49 12
45 82 31
46 83 49
47 80 13
48 44 57
49 76 57
0 26 25
1 23 14
2 21 46
3 9 45
4 44 32
5 53 31
6 88 43
7 62 23
8 4 22
9 30 20
10 28 21
11 72 53
12 48 31
13 4 43
14 86 50
15 71 46
16 23 8
17 17 17
18 55 57
19 6 9
20 98 31
21 36 8
22 80 49
23 15 22
24 41 40
25 59 23
26 18 56
27 53 31
28 45 36
29 16 17
30 7 53
31 97 24
32 54 30
33 63 41
34 15 34
35 27 26
36 49 37
37 83 19
38 39 51
39 8 22
40 48 40
41 72 36
42 15 17
43 82 35
44 43 42
45 50 29
46 8 23
47 90 14
48 3 11
49 57 43
0 12 21
1 90 42
2 8 50
3 81 14
4 95 8
5 73 31
6 33 1
7 6 5
8 1 27
9 77 37
10 41 41
11 82 21
12 70 24
13 32 15
14 15 26
15 12 2
16 85 41
17 35 7
18 94 20
19 29 56
20 84 49
21 2 23
22 56 55
23 73 9
24 74 2
25 84 39
26 47 2
27 73 45
28 76 55
29 48 13
30 11 30
31 87 17
32 43 55
33 38 23
34 71 53
35 68 23
36 84 19
37 92 54
38 97 50
39 35 11
40 27 54
41 17 33
42 59 31
43 96 19
44 74 47
45 40 1
46 8 20
47 52 54
48 81 27
49 35 5
0 34 14
1 16 19
2 16 28
3 94 11
4 97 47
5 89 29
6 3 49
7 10 50
8 45 17
9 74 9
10 33 4
11 90 48
12 82 45
13 59 21
14 5 36
15 35 40
16 65 45
17 44 19
18 89 56
19 16 38
20 21 29
21 72 14
22 11 35
23 34 23
24 58 54
25 44 45
26 65 45
27 65 16
28 5 5
29 71 15
30 16 41
31 81 17
32 77 56
33 5 13
34 30 47
35 9 44
36 17 41
37 32 40
38 40 2
39 53 21
40 75 12
41 5 25
42 9 33
43 77 58
44 54 46
45 4 32
46 19 39
47 75 57
48 24 54
49 63 1
0 45 58
1 16 44
2 32 14
3 5 33
4 15 12
5 52 10
6 65 22
7 17 58
8 44 45
9 89 26
10 77 36
11 76 29
12 35 43
13 37 31
14 13 40
15 51 57
16 79 41
17 50 44
18 41 2
19 29 6
20 97 10
21 59 13
22 88 30
23 36 8
24 45 13
25 71 41
26 47 40
27 86 15
28 89 39
29 88 35
30 40 37
31 35 39
32 68 42
33 94 50
34 58 15
35 2 55
36 15 22
37 16 1
38 71 17
39 14 11
40 50 27
41 89 53
42 8 3
43 83 35
44 58 46
45 53 8
46 88 32
47 72 53
48 55 54
49 9 33
0 45 58
1 12 23
2 33 10
3 80 52
4 11 30
5 51 21
6 90 35
7 49 14
8 30 58
9 75 17
10 40 13
11 69 36
12 64 19
13 34 56
14 25 28
15 6 33
16 6 51
17 13 14
18 15 35
19 76 30
20 68 23
21 27 25
22 7 23
23 68 46
24 19 3
25 57 36
26 72 56
27 81 57
28 71 29
29 5 13
30 85 55
31 90 49
32 30 37
33 26 6
34 95 43
35 93 31
36 66 46
37 77 20
38 61 44
39 95 46
40 44 1
41 97 20
42 33 24
43 10 19
44 31 17
45 28 17
46 24 17
47 37 30
48 57 30
49 53 15
0 22 4
1 1 18
2 29 40
3 85 49
4 40 9
5 86 8
6 24 46
7 84 25
8 13 26
9 42 40
10 13 38
11 43 22
12 37 32
13 95 39
14 87 28
15 13 18
16 87 13
17 36 18
18 81 3
19 87 21
20 8 28
21 26 3
22 67 41
23 56 55
24 27 43
25 9 21
26 97 32
27 50 3
28 65 55
29 83 27
30 4 18
31 31 20
32 5 44
33 54 1
34 17 32
35 29 16
36 51 28
37 14 43
38 88 42
39 29 56
40 63 27
41 29 43
42 72 19
43 99 3
44 89 24
45 18 12
46 50 41
47 97 38
48 86 29
49 84 43
0 86 2
1 92 1
2 45 11
3 30 7
4 4 17
5 92 55
6 92 28
7 90 50
8 43 58
9 30 44
10 17 40
11 45 17
12 35 29
13 23 27
14 88 39
15 11 25
16 46 8
17 93 10
18 43 13
19 45 14
20 9 8
21 98 39
22 66 58
23 37 26
24 32 6
25 54 23
26 47 2
27 57 46
28 94 25
29 34 30
30 25 32
31 2 47
32 83 52
33 10 43
34 53 56
35 75 30
36 55 3
37 94 25
38 25 44
39 96 3
40 15 35
41 43 27
42 15 40
43 62 7
44 19 18
45 86 21
46 88 31
47 27 25
48 29 30
49 26 43
0 69 2
1 52 2
2 79 45
3 37 2
4 2 47
5 36 54
6 82 46
7 70 49
8 48 41
9 82 36
10 27 42
11 89 38
12 85 26
13 20 37
14 54 44
15 84 23
16 50 30
17 10 46
18 12 14
19 57 18
20 62 14
21 71 12
22 18 45
23 96 55
24 72 17
25 91 8
26 83 18
27 13 12
28 68 55
29 10 13
30 60 56
31 39 56
32 21 34
33 90 9
34 29 20
35 80 24
36 29 3
37 84 30
38 62 38
39 33 8
40 98 9
41 46 23
42 66 44
43 19 36
44 22 23
45 75 54
46 58 21
47 90 56
48 36 7
49 55 57
0 39 37
1 1 19
2 98 10
3 22 24
4 96 16
5 26 46
6 48 54
7 71 56
8 60 2
9 3 47
10 29 30
11 74 19
12 71 10
13 75 8
14 87 27
15 53 29
16 88 55
17 78 51
18 90 22
19 8 56
20 65 58
21 59 31
22 87 41
23 4 8
24 33 29
25 43 9
26 60 3
27 64 16
28 5 26
29 56 9
30 20 14
31 67 7
32 20 28
33 72 43
34 88 30
35 25 8
36 54 55
37 8 46
38 89 5
39 15 56
40 76 2
41 61 56
42 78 38
43 94 11
44 20 25
45 23 28
46 10 4
47 67 42
48 91 21
49 93 26
0 38 39
1 57 21
2 79 1
3 46 22
4 62 28
5 38 52
6 7 54
7 24 30
8 70 10
9 16 21
10 94 3
11 60 43
12 57 46
13 15 30
14 37 51
15 60 41
16 74 2
17 40 46
18 10 30
19 5 6
20 98 9
21 85 31
22 48 23
23 79 10
24 4 42
25 84 48
26 81 38
27 3 10
28 28 56
29 75 3
30 89 36
31 22 58
32 33 22
33 26 58
34 66 22
35 69 16
36 12 52
37 62 38
38 11 45
39 15 22
40 79 3
41 83 13
42 49 29
43 77 50
44 9 42
45 17 22
46 14 56
47 67 43
48 31 32
49 23 28
0 87 13
1 21 41
2 9 3
3 95 57
4 56 14
5 87 10
6 65 12
7 79 53
8 92 40
9 93 9
10 16 55
11 48 18
12 48 8
13 14 40
14 63 39
15 80 52
16 9 57
17 31 54
18 42 31
19 42 9
20 45 18
21 94 56
22 32 20
23 9 47
24 22 11
25 42 7
26 85 35
27 89 9
28 59 13
29 31 11
30 40 37
31 93 45
32 46 15
33 4 3
34 89 44
35 20 28
36 27 32
37 80 57
38 39 22
39 5 15
40 93 7
41 44 39
42 44 55
43 6 34
44 46 22
45 62 57
46 6 28
47 53 20
48 86 53
49 46 3
0 45 29
1 81 33
2 94 20
3 97 49
4 92 44
5 2 30
6 74 18
7 76 21
8 19 39
9 15 54
10 29 31
11 14 39
12 93 40
13 24 11
14 67 41
15 38 27
16 39 2
17 18 38
18 22 24
19 77 23
20 75 16
21 31 54
22 16 27
23 37 13
24 38 28
25 10 49
26 85 12
27 95 20
28 93 34
29 16 25
30 35 43
31 93 7
32 53 2
33 93 8
34 80 18
35 46 46
36 49 38
37 91 37
38 80 13
39 9 40
40 62 54
41 36 8
42 2 21
43 68 36
44 62 39
45 84 26
46 91 5
47 76 40
48 68 7
49 95 51
0 54 28
1 66 22
2 16 9
3 50 56
4 77 57
5 56 1
6 10 46
7 31 29
8 98 41
9 70 44
10 74 57
11 98 27
12 71 50
13 28 1
14 11 33
15 56 31
16 73 46
17 14 36
18 5 31
19 52 22
20 1 18
21 65 27
22 98 52
23 92 3
24 84 6
25 15 31
26 8 49
27 18 30
28 98 16
29 51 57
30 51 43
31 70 43
32 56 41
33 97 54
34 87 41
35 41 3
36 8 16
37 96 53
38 71 32
39 51 58
40 54 38
41 21 54
42 29 27
43 98 53
44 48 55
45 53 23
46 78 25
47 33 8
48 22 22
49 28 21
0 10 51
1 37 4
2 12 48
3 89 43
4 96 7
5 27 55
6 85 19
7 66 57
8 16 46
9 10 33
10 71 18
11 88 35
12 20 40
13 35 22
14 39 51
15 20 44
16 68 45
17 55 9
18 5 39
19 26 42
20 49 29
21 97 40
22 32 38
23 13 19
24 7 34
25 35 56
26 5 43
27 31 23
28 62 23
29 83 10
30 95 44
31 83 17
32 49 14
33 62 1
34 28 24
35 31 40
36 43 17
37 55 8
38 58 2
39 55 8
40 13 4
41 15 40
42 79 6
43 27 44
44 5 5
45 97 57
46 28 31
47 2 52
48 95 28
49 8 33
0 93 58
1 97 20
2 82 17
3 26 38
4 23 40
5 64 15
6 85 35
7 14 27
8 86 2
9 77 22
10 33 58
11 82 46
12 85 40
13 87 32
14 70 11
15 2 28
16 65 16
17 61 28
18 80 36
19 24 17
20 37 36
21 5 39
22 45 58
23 78 41
24 6 26
25 20 24
26 68 3
27 93 21
28 69 40
29 5 53
30 2 56
31 66 39
32 36 15
33 74 36
34 17 40
35 83 56
36 95 49
37 61 39
38 88 45
39 72 52
40 94 5
41 23 44
42 26 4
43 90 9
44 80 41
45 64 15
46 13 36
47 7 58
48 90 6
49 2 14
0 20 38
1 10 40
2 7 54
3 21 1
4 7 44
5 25 42
6 67 46
7 73 46
8 89 7
9 82 50
10 67 41
11 10 4
12 21 54
13 2 19
14 60 39
15 66 36
16 84 17
17 86 53
18 92 18
19 34 25
20 81 9
21 33 21
22 87 33
23 71 32
24 46 29
25 46 18
26 85 11
27 14 28
28 42 39
29 8 16
30 59 42
31 27 19
32 43 57
33 91 1
34 7 40
35 53 8
36 2 42
37 8 52
38 78 56
39 52 13
40 60 43
41 44 2
42 99 37
43 75 38
44 44 20
45 26 18
46 96 38
47 21 1
48 52 32
49 90 56
0 36 25
1 52 41
2 94 40
3 91 3
4 50 38
5 15 32
6 90 41
7 12 47
8 29 5
9 35 22
10 51 7
11 34 11
12 84 6
13 89 25
14 96 12
15 89 45
16 84 31
17 43 17
18 6 3
19 5 50
20 83 28
21 69 10
22 35 15
23 40 28
24 92 46
25 84 35
26 81 45
27 73 28
28 90 57
29 18 42
30 35 45
31 31 44
32 67 47
33 32 29
34 33 11
35 3 28
36 17 6
37 11 53
38 43 19
39 47 30
40 42 17
41 2 45
42 57 40
43 93 21
44 66 15
45 40 15
46 58 30
47 50 11
48 74 54
49 8 32
0 59 3
1 38 22
2 64 7
3 93 17
4 51 16
5 49 55
6 64 16
7 12 5
8 92 44
9 84 35
10 86 12
11 96 32
12 39 21
13 64 2
14 26 25
15 10 55
16 65 29
17 61 30
18 15 46
19 15 13
20 62 23
21 41 7
22 82 1
23 53 8
24 76 48
25 40 36
26 81 21
27 82 21
28 34 10
29 56 17
30 21 18
31 52 32
32 85 3
33 73 23
34 94 50
35 37 18
36 84 40
37 2 28
38 61 43
39 94 48
40 17 26
41 58 56
42 52 23
43 37 13
44 75 19
45 42 14
46 91 9
47 11 47
48 59 9
49 38 57
0 41 3
1 57 31
2 12 24
3 24 4
4 13 40
5 82 37
6 20 3
7 19 24
8 21 21
9 94 13
10 36 6
11 55 40
12 10 44
13 63 29
14 27 28
15 28 1
16 49 12
17 93 31
18 5 49
19 36 56
20 36 22
21 82 19
22 48 15
23 93 11
24 15 30
25 16 32
26 15 44
27 10 3
28 73 44
29 90 55
30 99 21
31 15 46
32 48 28
33 85 45
34 93 15
35 25 11
36 82 26
37 5 38
38 95 57
39 94 47
40 99 49
41 84 4
42 25 54
43 7 58
44 37 55
45 26 43
46 34 58
47 53 8
48 87 39
49 2 13
0 96 24
1 78 24
2 89 31
3 81 39
4 53 57
5 6 25
6 96 36
7 66 43
8 95 49
9 26 44
10 56 39
11 63 14
12 93 35
13 92 11
14 98 22
15 12 13
16 90 41
17 42 13
18 49 14
19 75 3
20 67 23
21 91 6
22 50 28
23 91 18
24 3 25
25 65 23
26 31 24
27 15 25
28 93 30
29 88 27
30 11 39
31 12 57
32 31 53
33 16 33
34 48 1
35 9 51
36 85 22
37 1 58
38 5 1
39 46 15
40 27 43
41 59 39
42 10 47
43 50 42
44 14 13
45 95 14
46 13 56
47 29 55
48 10 25
49 64 11
0 5 58
1 85 50
2 43 37
3 25 47
4 89 31
5 20 7
6 91 15
7 32 20
8 73 54
9 5 44
10 79 46
11 39 56
12 34 7
13 19 6
14 92 30
15 90 28
16 46 57
17 53 17
18 90 28
19 49 57
20 84 53
21 98 15
22 63 2
23 17 42
24 22 58
25 65 15
26 81 57
27 86 17
28 65 30
29 91 44
30 92 48
31 9 53
32 18 38
33 64 28
34 11 41
35 62 32
36 33 56
37 59 57
38 14 55
39 90 50
40 41 8
41 92 43
42 42 46
43 87 14
44 35 13
45 80 40
46 37 41
47 30 30
48 17 20
49 42 32
0 77 51
1 8 15
2 58 46
3 17 54
4 92 58
5 88 11
6 31 9
7 29 18
8 40 28
9 63 39
10 25 7
11 59 19
12 18 32
13 39 43
14 24 12
15 27 38
16 58 40
17 91 9
18 85 37
19 86 37
20 86 21
21 4 43
22 35 43
23 22 11
24 45 21
25 46 57
26 94 15
27 31 26
28 75 29
29 48 36
30 56 3
31 9 22
32 4 49
33 91 50
34 16 38
35 29 13
36 49 3
37 1 10
38 49 30
39 12 53
40 96 49
41 87 37
42 23 14
43 74 45
44 81 43
45 17 23
46 21 26
47 10 25
48 39 55
49 25 27
0 9 25
1 26 17
2 11 15
3 64 13
4 11 48
5 46 57
6 15 30
7 45 7
8 8 25
9 43 23
10 23 5
11 18 27
12 89 45
13 99 55
14 66 41
15 59 46
16 73 29
17 39 8
18 12 58
19 23 3
20 69 2
21 37 13
22 65 3
23 81 36
24 55 1
25 33 9
26 53 22
27 11 46
28 84 35
29 91 18
30 8 38
31 73 23
32 10 57
33 72 16
34 8 36
35 55 46
36 19 15
37 75 29
38 52 17
39 50 4
40 40 55
41 95 21
42 41 54
43 15 6
44 85 39
45 44 36
46 44 54
47 33 11
48 5 7
49 74 53
0 2 33
1 50 28
2 35 6
3 22 36
4 81 26
5 36 26
6 24 44
7 87 49
8 45 38
9 46 42
10 25 30
11 18 18
12 5 10
13 33 29
14 2 34
15 30 9
16 18 41
17 37 48
18 66 38
19 14 1
20 48 16
21 21 33
22 8 42
23 8 11
24 86 39
25 50 23
26 52 10
27 98 32
28 85 36
29 85 36
30 85 27
31 90 12
32 87 7
33 74 55
34 16 11
35 5 32
36 17 21
37 49 57
38 36 45
39 62 3
40 93 5
41 42 19
42 79 20
43 51 14
44 60 13
45 60 18
46 23 21
47 11 55
48 75 29
49 89 3
0 76 18
1 42 44
2 50 58
3 2 4
4 31 57
5 37 38
6 48 28
7 48 8
8 79 36
9 7 26
10 11 42
11 32 25
12 54 2
13 81 14
14 99 21
15 15 13
16 24 10
17 52 8
18 98 30
19 88 56
20 30 10
21 82 35
22 31 17
23 77 51
24 94 47
25 5 51
26 63 12
27 80 33
28 77 46
29 65 40
30 66 58
31 65 8
32 96 49
33 17 58
34 7 31
35 24 46
36 9 2
37 54 3
38 95 18
39 86 58
40 90 50
41 53 23
42 13 24
43 6 52
44 22 2
45 97 10
46 9 6
47 29 11
48 15 16
49 64 58
0 39 9
1 76 45
2 95 34
3 82 45
4 74 3
5 81 45
6 52 39
7 18 34
8 65 42
9 14 28
10 20 38
11 41 42
12 41 57
13 95 30
14 75 42
15 47 30
16 2 20
17 87 7
18 75 56
19 89 2
20 15 7
21 34 45
22 35 46
23 23 30
24 37 40
25 9 47
26 99 3
27 37 9
28 31 2
29 88 40
30 47 9
31 29 10
32 38 50
33 86 6
34 76 56
35 13 54
36 69 15
37 29 36
38 62 29
39 29 58
40 95 27
41 37 30
42 68 42
43 10 46
44 92 4
45 18 47
46 38 20
47 25 44
48 54 56
49 5 38
0 15 46
1 96 22
2 18 27
3 50 37
4 92 17
5 45 10
6 89 27
7 92 20
8 32 39
9 94 49
10 53 23
11 7 11
12 84 2
13 90 16
14 75 16
15 16 19
16 30 12
17 63 29
18 97 19
19 37 4
20 98 51
21 94 10
22 96 34
23 18 36
24 76 58
25 77 2
26 21 46
27 86 40
28 4 45
29 52 8
30 73 20
31 73 57
32 45 30
33 12 46
34 24 36
35 56 46
36 15 20
37 23 26
38 24 30
39 47 2
40 32 39
41 95 56
42 89 12
43 4 4
44 87 14
45 57 46
46 85 23
47 79 44
48 67 40
49 83 7
0 5 13
1 13 32
2 44 16
3 88 10
4 12 31
5 21 15
6 86 12
7 14 21
8 27 56
9 53 20
10 61 29
11 98 18
12 27 19
13 60 22
14 83 29
15 5 18
16 97 34
17 12 50
18 9 9
19 25 8
20 20 15
21 75 46
22 90 25
23 2 46
24 50 54
25 43 3
26 58 37
27 26 39
28 23 46
29 16 20
30 4 44
31 48 22
32 28 17
33 99 23
34 84 31
35 85 49
36 12 2
37 31 7
38 84 35
39 38 58
40 81 26
41 36 27
42 27 38
43 70 45
44 79 50
45 66 30
46 49 27
47 22 26
48 64 22
49 11 36
0 36 56
1 21 38
2 99 26
3 91 43
4 5 27
5 43 41
6 35 45
7 18 28
8 71 43
9 14 58
10 56 12
11 56 30
12 61 21
13 51 28
14 30 18
15 21 18
16 49 40
17 41 19
18 73 23
19 7 18
20 68 39
21 73 52
22 3 44
23 11 41
24 44 3
25 14 1
26 1 15
27 92 30
28 33 46
29 2 38
30 58 29
31 83 9
32 75 39
33 80 19
34 17 54
35 35 29
36 70 3
37 13 4
38 52 1
39 42 45
40 17 4
41 30 31
42 54 40
43 69 45
44 79 3
45 2 1
46 63 27
47 61 43
48 14 40
49 87 53
0 3 24
1 65 21
2 82 9
3 95 32
4 7 26
5 46 31
6 82 33
7 58 41
8 38 24
9 25 23
10 77 42
11 70 56
12 41 54
13 5 23
14 51 16
15 54 46
16 13 18
17 22 18
18 80 53
19 54 39
20 38 28
21 31 18
22 67 15
23 62 31
24 74 27
25 47 17
26 63 31
27 38 56
28 61 23
29 68 36
30 56 14
31 90 13
32 88 21
33 75 21
34 89 45
35 96 47
36 95 17
37 97 42
38 87 31
39 66 41
40 71 29
41 35 17
42 94 39
43 90 24
44 2 6
45 47 56
46 48 15
47 35 43
48 59 37
49 80 29
0 17 24
1 52 28
2 18 11
3 56 39
4 14 3
5 31 2
6 6 57
7 51 57
8 67 58
9 58 43
10 90 33
11 86 32
12 35 57
13 10 56
14 82 55
15 56 9
16 7 44
17 14 33
18 86 51
19 46 40
20 57 18
21 5 22
22 57 20
23 53 58
24 23 11
25 79 46
26 54 18
27 38 24
28 95 32
29 15 56
30 89 18
31 69 1
32 15 25
33 11 48
34 26 39
35 10 49
36 75 51
37 85 2
38 2 46
39 3 50
40 5 10
41 82 23
42 22 45
43 7 28
44 22 41
45 25 42
46 3 37
47 71 51
48 22 40
49 81 51
0 13 33
1 83 1
2 6 37
3 26 18
4 37 58
5 93 46
6 50 8
7 90 18
8 23 36
9 75 3
10 94 37
11 67 16
12 7 4
13 79 24
14 29 8
15 89 8
16 48 17
17 27 1
18 84 29
19 66 8
20 43 14
21 2 38
22 27 54
23 63 3
24 81 10
25 10 37
26 97 9
27 95 10
28 37 29
29 46 46
30 55 3
31 95 26
32 89 47
33 60 39
34 49 43
35 22 12
36 92 49
37 11 15
38 3 51
39 13 27
40 85 17
41 93 50
42 7 42
43 62 41
44 51 18
45 85 52
46 90 47
47 90 57
48 13 15
49 15 20
