0 31 12
1 83 58
2 54 42
3 15 1
4 23 18
5 89 49
6 43 56
7 11 20
8 48 9
9 6 25
10 82 32
11 50 55
12 76 31
13 79 53
14 94 46
15 75 37
16 20 46
17 58 54
18 13 14
19 90 28
20 3 53
21 59 42
22 87 6
23 40 54
24 67 39
25 21 10
26 2 55
27 41 18
28 66 30
29 42 41
30 80 2
31 9 6
32 38 41
33 80 8
34 31 26
35 58 22
36 59 58
37 3 23
38 32 7
39 34 8
40 73 14
41 69 40
42 20 23
43 64 44
44 97 56
45 1 34
46 94 45
47 18 44
48 96 50
49 97 2
50 80 37
51 55 43
52 29 8
53 6 41
54 92 39
55 73 45
56 29 15
57 50 57
58 51 8
59 32 9
60 40 40
61 52 9
62 60 14
63 90 23
64 66 37
65 11 3
66 7 11
67 26 37
68 5 46
69 5 17
70 28 8
71 28 23
72 35 19
73 36 30
74 92 12
75 33 17
76 98 28
77 43 20
78 5 23
79 98 21
80 64 42
81 40 23
82 81 8
83 5 49
84 46 9
85 32 10
86 66 2
87 36 22
88 43 9
89 25 9
90 23 31
91 98 46
92 66 38
93 13 9
94 92 35
95 97 17
96 39 31
97 27 44
98 78 17
99 25 22
0 83 23
1 66 44
2 90 45
3 57 43
4 74 39
5 39 21
6 44 23
7 89 11
8 30 6
9 20 12
10 73 31
11 68 11
12 19 36
13 2 3
14 54 22
15 65 9
16 41 13
17 4 24
18 12 54
19 57 19
20 94 56
21 7 46
22 31 30
23 3 35
24 62 56
25 98 8
26 16 16
27 13 52
28 77 16
29 84 55
30 89 37
31 54 3
32 28 40
33 36 45
34 22 11
35 88 22
36 49 31
37 95 34
38 38 55
39 42 37
40 79 10
41 12 27
42 92 11
43 62 44
44 93 52
45 95 33
46 45 54
47 22 6
48 73 2
49 54 46
50 39 44
51 68 57
52 16 1
53 41 39
54 84 55
55 32 19
56 57 11
57 71 31
58 27 13
59 38 25
60 56 28
61 78 49
62 92 50
63 60 31
64 32 38
65 80 3
66 68 55
67 36 32
68 29 37
69 59 14
70 88 13
71 69 10
72 6 5
73 18 22
74 89 56
75 28 56
76 24 19
77 87 14
78 17 3
79 96 21
80 94 23
81 87 13
82 37 40
83 12 23
84 89 52
85 94 1
86 80 43
87 90 4
88 66 31
89 86 57
90 77 51
91 22 3
92 8 12
93 31 42
94 55 57
95 42 13
96 3 45
97 24 54
98 77 45
99 84 45
0 64 9
1 91 20
2 14 57
3 41 13
4 46 8
5 56 16
6 23 30
7 23 26
8 62 29
9 14 56
10 78 12
11 32 17
12 3 10
13 28 15
14 21 41
15 28 22
16 23 15
17 94 48
18 77 47
19 7 46
20 68 11
21 26 41
22 83 14
23 91 20
24 44 46
25 37 12
26 10 56
27 3 58
28 10 26
29 58 7
30 87 44
31 86 57
32 25 46
33 6 8
34 82 31
35 82 18
36 3 43
37 38 6
38 47 44
39 36 37
40 18 3
41 18 19
42 68 56
43 13 31
44 98 34
45 3 2
46 59 57
47 75 13
48 88 51
49 23 45
50 63 3
51 72 4
52 92 52
53 37 37
54 57 44
55 54 41
56 79 47
57 37 6
58 77 40
59 79 38
60 11 12
61 97 48
62 66 37
63 41 21
64 45 19
65 5 30
66 60 39
67 85 6
68 28 36
69 61 46
70 48 7
71 2 2
72 80 10
73 6 3
74 8 34
75 91 7
76 32 5
77 46 55
78 71 19
79 79 18
80 9 41
81 60 42
82 52 21
83 70 57
84 27 21
85 82 30
86 60 39
87 32 13
88 22 36
89 17 42
90 38 14
91 50 10
92 2 56
93 11 50
94 96 31
95 46 17
96 88 23
97 80 34
98 93 42
99 71 22
0 56 23
1 84 48
2 92 24
3 55 32
4 82 15
5 59 22
6 43 3
7 62 40
8 6 18
9 15 21
10 61 2
11 27 22
12 32 7
13 6 43
14 11 42
15 87 27
16 70 17
17 6 44
18 62 3
19 47 16
20 95 30
21 99 17
22 74 45
23 11 50
24 76 29
25 9 41
26 88 29
27 40 17
28 41 18
29 56 16
30 33 40
31 71 41
32 51 27
33 95 28
34 62 38
35 30 7
36 30 15
37 64 41
38 87 45
39 26 54
40 25 25
41 17 11
42 43 39
43 35 31
44 11 56
45 94 23
46 75 22
47 95 35
48 25 13
49 85 25
50 96 51
51 28 8
52 47 7
53 90 39
54 41 57
55 79 58
56 99 22
57 30 28
58 20 16
59 79 4
60 74 8
61 24 19
62 67 45
63 81 57
64 91 12
65 84 46
66 12 4
67 8 25
68 72 30
69 37 14
70 45 20
71 20 20
72 33 23
73 43 23
74 73 54
75 42 20
76 76 47
77 40 39
78 14 57
79 77 3
80 53 28
81 20 13
82 45 10
83 3 33
84 31 15
85 62 29
86 61 32
87 23 1
88 45 21
89 72 13
90 34 5
91 23 28
92 95 31
93 77 14
94 75 46
95 97 8
96 62 4
97 93 52
98 2 32
99 9 56
0 68 27
1 21 17
2 28 18
3 13 52
4 69 40
5 97 34
6 11 35
7 60 30
8 95 16
9 23 55
10 12 56
11 66 43
12 75 9
13 33 27
14 80 41
15 35 22
16 48 19
17 55 38
18 57 22
19 95 41
20 95 50
21 72 47
22 67 13
23 79 44
24 15 4
25 12 2
26 43 54
27 55 8
28 31 16
29 4 47
30 95 25
31 17 43
32 13 9
33 71 43
34 90 1
35 18 13
36 59 41
37 44 36
38 87 8
39 16 58
40 48 31
41 20 4
42 59 8
43 27 3
44 41 54
45 9 47
46 53 45
47 88 15
48 95 28
49 84 32
50 21 56
51 35 41
52 70 22
53 28 30
54 40 29
55 72 27
56 14 55
57 61 23
58 89 57
59 74 13
60 78 15
61 94 23
62 14 19
63 6 43
64 42 31
65 75 40
66 95 57
67 42 16
68 4 18
69 89 6
70 48 37
71 25 14
72 28 29
73 83 43
74 50 17
75 47 23
76 96 57
77 89 26
78 28 2
79 27 26
80 61 2
81 48 58
82 59 11
83 14 24
84 4 52
85 64 3
86 77 16
87 59 45
88 21 26
89 68 15
90 55 21
91 97 5
92 55 2
93 79 40
94 8 47
95 70 56
96 63 22
97 16 11
98 6 33
99 6 5
