0 31 12
1 83 58
2 54 42
3 15 1
4 23 18
5 89 49
6 43 56
7 11 20
8 48 9
9 6 25
10 82 32
11 50 55
12 76 31
13 79 53
14 94 46
15 75 37
16 20 46
17 58 54
18 13 14
19 90 28
20 3 53
21 59 42
22 87 6
23 40 54
24 67 39
25 21 10
26 2 55
27 41 18
28 66 30
29 42 41
30 80 2
31 9 6
32 38 41
33 80 8
34 31 26
35 58 22
36 59 58
37 3 23
38 32 7
39 34 8
40 73 14
41 69 40
42 20 23
43 64 44
44 97 56
45 1 34
46 94 45
47 18 44
48 96 50
49 97 2
50 80 37
51 55 43
52 29 8
53 6 41
54 92 39
55 73 45
56 29 15
57 50 57
58 51 8
59 32 9
60 40 40
61 52 9
62 60 14
63 90 23
64 66 37
65 11 3
66 7 11
67 26 37
68 5 46
69 5 17
70 28 8
71 28 23
72 35 19
73 36 30
74 92 12
75 33 17
76 98 28
77 43 20
78 5 23
79 98 21
80 64 42
81 40 23
82 81 8
83 5 49
84 46 9
85 32 10
86 66 2
87 36 22
88 43 9
89 25 9
90 23 31
91 98 46
92 66 38
93 13 9
94 92 35
95 97 17
96 39 31
97 27 44
98 78 17
99 25 22
0 83 23
1 66 44
2 90 45
3 57 43
4 74 39
5 39 21
6 44 23
7 89 11
8 30 6
9 20 12
10 73 31
11 68 11
12 19 36
13 2 3
14 54 22
15 65 9
16 41 13
17 4 24
18 12 54
19 57 19
20 94 56
21 7 46
22 31 30
23 3 35
24 62 56
25 98 8
26 16 16
27 13 52
28 77 16
29 84 55
30 89 37
31 54 3
32 28 40
33 36 45
34 22 11
35 88 22
36 49 31
37 95 34
38 38 55
39 42 37
40 79 10
41 12 27
42 92 11
43 62 44
44 93 52
45 95 33
46 45 54
47 22 6
48 73 2
49 54 46
50 39 44
51 68 57
52 16 1
53 41 39
54 84 55
55 32 19
56 57 11
57 71 31
58 27 13
59 38 25
60 56 28
61 78 49
62 92 50
63 60 31
64 32 38
65 80 3
66 68 55
67 36 32
68 29 37
69 59 14
70 88 13
71 69 10
72 6 5
73 18 22
74 89 56
75 28 56
76 24 19
77 87 14
78 17 3
79 96 21
80 94 23
81 87 13
82 37 40
83 12 23
84 89 52
85 94 1
86 80 43
87 90 4
88 66 31
89 86 57
90 77 51
91 22 3
92 8 12
93 31 42
94 55 57
95 42 13
96 3 45
97 24 54
98 77 45
99 84 45
0 64 9
1 91 20
2 14 57
3 41 13
4 46 8
5 56 16
6 23 30
7 23 26
8 62 29
9 14 56
10 78 12
11 32 17
12 3 10
13 28 15
14 21 41
15 28 22
16 23 15
17 94 48
18 77 47
19 7 46
20 68 11
21 26 41
22 83 14
23 91 20
24 44 46
25 37 12
26 10 56
27 3 58
28 10 26
29 58 7
30 87 44
31 86 57
32 25 46
33 6 8
34 82 31
35 82 18
36 3 43
37 38 6
38 47 44
39 36 37
40 18 3
41 18 19
42 68 56
43 13 31
44 98 34
45 3 2
46 59 57
47 75 13
48 88 51
49 23 45
50 63 3
51 72 4
52 92 52
53 37 37
54 57 44
55 54 41
56 79 47
57 37 6
58 77 40
59 79 38
60 11 12
61 97 48
62 66 37
63 41 21
64 45 19
65 5 30
66 60 39
67 85 6
68 28 36
69 61 46
70 48 7
71 2 2
72 80 10
73 6 3
74 8 34
75 91 7
76 32 5
77 46 55
78 71 19
79 79 18
80 9 41
81 60 42
82 52 21
83 70 57
84 27 21
85 82 30
86 60 39
87 32 13
88 22 36
89 17 42
90 38 14
91 50 10
92 2 56
93 11 50
94 96 31
95 46 17
96 88 23
97 80 34
98 93 42
99 71 22
0 56 23
1 84 48
2 92 24
3 55 32
4 82 15
5 59 22
6 43 3
7 62 40
8 6 18
9 15 21
10 61 2
11 27 22
12 32 7
13 6 43
14 11 42
15 87 27
16 70 17
17 6 44
18 62 3
19 47 16
20 95 30
21 99 17
22 74 45
23 11 50
24 76 29
25 9 41
26 88 29
27 40 17
28 41 18
29 56 16
30 33 40
31 71 41
32 51 27
33 95 28
34 62 38
35 30 7
36 30 15
37 64 41
38 87 45
39 26 54
40 25 25
41 17 11
42 43 39
43 35 31
44 11 56
45 94 23
46 75 22
47 95 35
48 25 13
49 85 25
50 96 51
51 28 8
52 47 7
53 90 39
54 41 57
55 79 58
56 99 22
57 30 28
58 20 16
59 79 4
60 74 8
61 24 19
62 67 45
63 81 57
64 91 12
65 84 46
66 12 4
67 8 25
68 72 30
69 37 14
70 45 20
71 20 20
72 33 23
73 43 23
74 73 54
75 42 20
76 76 47
77 40 39
78 14 57
79 77 3
80 53 28
81 20 13
82 45 10
83 3 33
84 31 15
85 62 29
86 61 32
87 23 1
88 45 21
89 72 13
90 34 5
91 23 28
92 95 31
93 77 14
94 75 46
95 97 8
96 62 4
97 93 52
98 2 32
99 9 56
0 68 27
1 21 17
2 28 18
3 13 52
4 69 40
5 97 34
6 11 35
7 60 30
8 95 16
9 23 55
10 12 56
11 66 43
12 75 9
13 33 27
14 80 41
15 35 22
16 48 19
17 55 38
18 57 22
19 95 41
20 95 50
21 72 47
22 67 13
23 79 44
24 15 4
25 12 2
26 43 54
27 55 8
28 31 16
29 4 47
30 95 25
31 17 43
32 13 9
33 71 43
34 90 1
35 18 13
36 59 41
37 44 36
38 87 8
39 16 58
40 48 31
41 20 4
42 59 8
43 27 3
44 41 54
45 9 47
46 53 45
47 88 15
48 95 28
49 84 32
50 21 56
51 35 41
52 70 22
53 28 30
54 40 29
55 72 27
56 14 55
57 61 23
58 89 57
59 74 13
60 78 15
61 94 23
62 14 19
63 6 43
64 42 31
65 75 40
66 95 57
67 42 16
68 4 18
69 89 6
70 48 37
71 25 14
72 28 29
73 83 43
74 50 17
75 47 23
76 96 57
77 89 26
78 28 2
79 27 26
80 61 2
81 48 58
82 59 11
83 14 24
84 4 52
85 64 3
86 77 16
87 59 45
88 21 26
89 68 15
90 55 21
91 97 5
92 55 2
93 79 40
94 8 47
95 70 56
96 63 22
97 16 11
98 6 33
99 6 5
0 72 15
1 16 14
2 81 18
3 55 9
4 53 20
5 25 57
6 39 31
7 50 19
8 80 23
9 1 33
10 94 10
11 12 25
12 87 55
13 66 19
14 68 15
15 34 46
16 32 21
17 63 29
18 93 37
19 63 12
20 28 8
21 50 1
22 49 16
23 33 29
24 5 5
25 25 27
26 96 26
27 71 47
28 93 38
29 86 3
30 78 17
31 22 16
32 92 37
33 53 57
34 91 23
35 48 1
36 76 55
37 5 19
38 63 40
39 11 41
40 44 16
41 7 49
42 64 30
43 8 33
44 43 31
45 94 9
46 20 22
47 49 17
48 86 38
49 68 22
50 93 49
51 4 9
52 11 43
53 14 28
54 95 38
55 33 13
56 37 57
57 54 28
58 94 22
59 85 58
60 16 53
61 8 40
62 96 37
63 88 31
64 63 38
65 89 3
66 11 54
67 94 56
68 5 42
69 97 36
70 96 2
71 82 21
72 89 48
73 61 31
74 8 57
75 72 43
76 84 39
77 27 21
78 82 4
79 2 40
80 64 9
81 14 55
82 72 48
83 98 54
84 6 23
85 6 51
86 85 27
87 34 44
88 90 41
89 86 51
90 20 44
91 64 37
92 53 32
93 78 23
94 9 30
95 91 33
96 60 46
97 28 25
98 65 30
99 3 55
0 33 24
1 62 31
2 84 18
3 98 37
4 17 27
5 91 16
6 35 22
7 38 29
8 11 2
9 47 46
10 53 14
11 3 10
12 58 8
13 95 24
14 48 23
15 15 54
16 87 39
17 68 15
18 46 39
19 3 22
20 6 9
21 21 46
22 21 22
23 10 5
24 80 34
25 49 55
26 98 2
27 8 44
28 45 42
29 64 31
30 97 40
31 25 11
32 2 27
33 92 1
34 37 11
35 52 18
36 75 37
37 7 33
38 9 46
39 84 38
40 20 44
41 9 23
42 14 11
43 36 54
44 84 49
45 77 57
46 47 46
47 64 54
48 46 14
49 96 50
50 66 18
51 97 42
52 68 39
53 95 40
54 2 10
55 16 37
56 28 1
57 75 12
58 84 23
59 66 43
60 67 8
61 6 26
62 58 55
63 83 56
64 33 47
65 75 28
66 37 16
67 91 27
68 90 5
69 16 27
70 33 28
71 58 14
72 82 52
73 42 3
74 9 8
75 4 7
76 73 21
77 33 55
78 82 1
79 12 57
80 84 10
81 39 39
82 58 40
83 36 48
84 20 43
85 78 50
86 91 48
87 47 43
88 73 23
89 62 15
90 94 29
91 4 30
92 96 41
93 25 46
94 86 28
95 37 54
96 81 17
97 41 43
98 8 22
99 72 42
0 41 14
1 14 15
2 97 56
3 59 28
4 55 18
5 82 25
6 88 34
7 21 3
8 59 43
9 35 57
10 31 1
11 94 54
12 73 38
13 15 5
14 98 43
15 55 22
16 61 17
17 73 36
18 76 30
19 17 41
20 90 14
21 25 22
22 57 16
23 90 18
24 66 13
25 62 43
26 28 14
27 95 51
28 39 53
29 27 58
30 28 57
31 71 28
32 40 15
33 78 17
34 31 57
35 86 55
36 58 42
37 81 55
38 8 57
39 92 28
40 17 54
41 37 58
42 67 23
43 44 55
44 95 4
45 40 31
46 77 40
47 57 20
48 68 30
49 56 14
50 14 25
51 76 43
52 12 37
53 37 41
54 10 25
55 44 13
56 99 47
57 85 39
58 85 25
59 9 6
60 67 3
61 82 24
62 97 33
63 9 17
64 70 42
65 81 55
66 93 14
67 73 27
68 18 14
69 72 32
70 20 19
71 5 29
72 83 55
73 25 43
74 30 24
75 79 57
76 47 18
77 24 8
78 98 40
79 16 13
80 14 41
81 58 10
82 65 57
83 90 41
84 46 14
85 78 44
86 45 55
87 19 5
88 20 46
89 40 21
90 32 11
91 77 51
92 40 11
93 35 8
94 63 11
95 49 16
96 33 23
97 80 44
98 49 42
99 85 38
0 91 41
1 38 6
2 85 10
3 10 37
4 51 13
5 91 56
6 88 36
7 78 54
8 88 6
9 70 39
10 36 7
11 70 46
12 10 48
13 15 25
14 78 30
15 16 5
16 65 14
17 94 45
18 43 29
19 92 4
20 10 31
21 62 3
22 74 56
23 24 5
24 34 30
25 43 28
26 85 20
27 85 56
28 94 37
29 28 6
30 27 57
31 85 19
32 59 31
33 70 28
34 96 57
35 17 43
36 35 26
37 41 56
38 48 2
39 46 54
40 11 37
41 64 9
42 26 6
43 74 48
44 16 34
45 24 57
46 34 17
47 98 47
48 17 9
49 92 46
50 41 16
51 86 40
52 87 50
53 40 13
54 38 44
55 70 22
56 28 4
57 97 28
58 90 41
59 24 39
60 15 33
61 28 4
62 11 2
63 56 28
64 97 31
65 8 1
66 45 37
67 14 21
68 47 56
69 92 38
70 59 17
71 14 56
72 9 45
73 31 42
74 61 45
75 97 44
76 90 41
77 12 6
78 13 35
79 38 51
80 89 54
81 90 51
82 73 55
83 4 8
84 92 25
85 6 5
86 63 54
87 54 29
88 62 32
89 65 58
90 3 12
91 59 29
92 91 3
93 8 33
94 68 21
95 10 36
96 1 34
97 16 1
98 77 20
99 70 54
0 64 3
1 30 1
2 84 49
3 53 13
4 51 43
5 97 2
6 26 57
7 74 48
8 50 8
9 14 33
10 8 5
11 36 21
12 18 46
13 93 2
14 9 51
15 17 37
16 83 26
17 88 44
18 16 9
19 48 22
20 54 43
21 76 40
22 28 54
23 46 46
24 28 17
25 85 37
26 11 45
27 51 15
28 3 38
29 33 9
30 92 29
31 21 3
32 34 10
33 62 42
34 48 15
35 24 16
36 45 43
37 73 15
38 89 8
39 92 15
40 93 12
41 21 13
42 65 37
43 24 21
44 12 34
45 74 29
46 41 2
47 46 23
48 36 37
49 65 30
50 32 45
51 45 44
52 51 14
53 96 4
54 3 35
55 97 52
56 64 41
57 58 43
58 91 28
59 98 41
60 3 16
61 84 2
62 76 44
63 12 45
64 32 43
65 25 3
66 37 5
67 8 52
68 97 17
69 80 32
70 15 9
71 74 48
72 12 9
73 88 43
74 66 14
75 55 42
76 36 37
77 8 15
78 47 29
79 27 37
80 89 44
81 60 18
82 35 23
83 93 21
84 90 42
85 29 2
86 54 37
87 13 25
88 97 9
89 45 8
90 50 11
91 42 23
92 85 29
93 13 18
94 80 13
95 89 37
96 37 20
97 79 38
98 5 29
99 27 58
0 53 14
1 45 38
2 10 47
3 90 21
4 88 44
5 28 24
6 8 26
7 79 44
8 29 39
9 39 57
10 69 23
11 73 46
12 87 37
13 38 48
14 42 32
15 16 21
16 28 14
17 51 31
18 3 12
19 67 21
20 96 40
21 14 20
22 39 10
23 38 31
24 19 2
25 75 42
26 38 12
27 54 21
28 90 22
29 1 40
30 84 42
31 27 57
32 69 41
33 93 56
34 18 19
35 4 29
36 78 21
37 28 45
38 55 38
39 4 5
40 5 9
41 6 5
42 40 16
43 10 44
44 71 55
45 37 47
46 82 10
47 70 29
48 25 43
49 17 40
50 97 53
51 15 25
52 37 24
53 13 23
54 95 21
55 89 27
56 90 10
57 26 31
58 3 13
59 45 54
60 31 37
61 54 56
62 6 51
63 26 20
64 48 54
65 5 32
66 4 14
67 27 17
68 73 42
69 40 53
70 58 42
71 90 52
72 40 19
73 66 58
74 89 38
75 2 36
76 45 12
77 81 11
78 44 9
79 46 56
80 75 53
81 63 22
82 22 44
83 34 19
84 15 46
85 91 29
86 40 10
87 30 19
88 94 5
89 41 21
90 74 14
91 79 5
92 93 19
93 18 27
94 33 25
95 88 36
96 77 3
97 22 3
98 60 54
99 39 45
0 35 17
1 41 1
2 74 3
3 12 37
4 61 20
5 36 40
6 67 36
7 74 55
8 88 15
9 27 42
10 74 15
11 79 29
12 42 9
13 49 21
14 85 12
15 99 56
16 10 53
17 46 20
18 21 38
19 76 57
20 94 6
21 8 53
22 78 3
23 71 23
24 19 42
25 88 49
26 58 22
27 61 44
28 74 15
29 10 38
30 56 56
31 28 31
32 49 38
33 30 58
34 92 31
35 13 2
36 49 4
37 6 11
38 41 18
39 29 39
40 19 17
41 33 31
42 18 12
43 3 24
44 3 56
45 67 43
46 93 43
47 4 47
48 87 27
49 76 23
50 12 11
51 65 32
52 62 38
53 79 14
54 12 20
55 11 22
56 7 24
57 15 42
58 45 31
59 15 40
60 78 23
61 3 49
62 35 36
63 89 25
64 73 48
65 82 31
66 87 47
67 8 16
68 9 6
69 65 9
70 37 56
71 17 21
72 42 41
73 98 29
74 5 10
75 35 2
76 49 15
77 7 54
78 89 50
79 10 6
80 69 40
81 86 3
82 90 38
83 99 20
84 48 36
85 57 21
86 59 8
87 18 4
88 39 28
89 21 2
90 6 43
91 39 54
92 12 51
93 94 43
94 78 41
95 7 6
96 60 18
97 83 31
98 57 20
99 58 22
0 21 40
1 93 18
2 13 43
3 64 44
4 12 46
5 25 55
6 98 45
7 94 24
8 19 13
9 49 2
10 41 30
11 8 53
12 36 4
13 87 31
14 49 36
15 39 3
16 65 55
17 83 6
18 67 8
19 74 44
20 80 8
21 70 15
22 12 39
23 74 20
24 65 1
25 80 43
26 94 25
27 17 39
28 46 18
29 18 11
30 23 4
31 31 20
32 88 28
33 58 12
34 68 28
35 71 38
36 40 27
37 50 17
38 87 6
39 94 3
40 89 39
41 3 58
42 8 18
43 81 6
44 88 30
45 57 54
46 80 9
47 25 47
48 63 1
49 32 15
50 2 36
51 63 28
52 8 50
53 67 38
54 30 13
55 14 14
56 12 23
57 74 38
58 31 54
59 12 6
60 93 47
61 59 19
62 33 26
63 12 39
64 21 30
65 67 56
66 48 20
67 15 21
68 8 36
69 27 45
70 2 44
71 52 37
72 28 45
73 86 6
74 50 42
75 70 40
76 65 1
77 92 52
78 96 30
79 82 22
80 59 29
81 53 29
82 21 15
83 33 21
84 74 31
85 6 26
86 81 36
87 7 57
88 79 28
89 92 30
90 29 24
91 89 40
92 27 14
93 80 15
94 78 22
95 23 8
96 20 32
97 30 7
98 53 29
99 99 12
0 47 54
1 36 17
2 79 12
3 45 40
4 44 22
5 51 55
6 26 22
7 3 43
8 6 46
9 95 18
10 58 29
11 21 40
12 66 46
13 94 43
14 33 5
15 24 20
16 34 14
17 8 4
18 5 40
19 4 5
20 74 56
21 34 8
22 81 44
23 57 12
24 8 42
25 12 10
26 19 18
27 3 18
28 71 37
29 59 12
30 1 51
31 98 30
32 79 48
33 88 4
34 55 15
35 17 14
36 69 1
37 72 2
38 71 20
39 59 12
40 68 18
41 13 51
42 9 53
43 10 28
44 43 37
45 91 19
46 7 14
47 26 14
48 98 22
49 80 17
50 5 18
51 24 41
52 3 44
53 90 26
54 65 54
55 84 30
56 39 36
57 88 33
58 9 49
59 65 36
60 19 44
61 36 42
62 63 10
63 88 37
64 27 45
65 91 43
66 60 14
67 58 11
68 64 44
69 24 56
70 80 21
71 82 26
72 84 47
73 40 37
74 68 19
75 4 47
76 33 57
77 92 31
78 12 5
79 48 42
80 83 49
81 95 43
82 79 25
83 93 37
84 86 13
85 59 41
86 79 11
87 93 12
88 35 38
89 65 3
90 88 45
91 4 25
92 19 9
93 37 56
94 23 24
95 56 55
96 30 5
97 12 2
98 57 8
99 86 50
0 35 58
1 9 49
2 19 40
3 5 46
4 12 49
5 94 2
6 73 38
7 6 46
8 78 33
9 27 7
10 84 55
11 53 45
12 4 48
13 42 42
14 16 25
15 95 23
16 86 46
17 63 57
18 15 35
19 6 28
20 81 21
21 10 23
22 93 17
23 30 29
24 74 41
25 13 42
26 20 26
27 20 45
28 3 43
29 65 55
30 22 3
31 36 43
32 36 10
33 78 42
34 22 32
35 72 1
36 42 8
37 9 35
38 89 13
39 29 4
40 63 40
41 21 8
42 72 50
43 59 55
44 98 14
45 15 39
46 55 19
47 84 4
48 32 2
49 67 18
50 63 54
51 14 22
52 61 41
53 68 13
54 63 55
55 7 46
56 47 56
57 30 42
58 82 58
59 20 6
60 39 3
61 57 22
62 26 13
63 65 13
64 79 28
65 45 9
66 21 14
67 78 35
68 63 42
69 44 23
70 54 39
71 4 46
72 54 55
73 24 54
74 80 42
75 25 29
76 10 33
77 96 25
78 82 56
79 81 35
80 75 43
81 76 50
82 38 21
83 79 48
84 33 6
85 2 17
86 8 2
87 2 23
88 74 23
89 88 1
90 89 50
91 28 26
92 47 22
93 21 4
94 88 39
95 2 52
96 97 13
97 56 15
98 95 48
99 88 19
0 37 39
1 33 30
2 49 9
3 46 57
4 17 24
5 10 15
6 70 28
7 27 21
8 11 40
9 39 25
10 51 20
11 84 25
12 78 18
13 63 41
14 91 38
15 70 43
16 80 22
17 98 39
18 45 30
19 92 45
20 88 39
21 14 43
22 98 36
23 98 25
24 3 46
25 53 17
26 19 40
27 34 22
28 27 31
29 7 31
30 90 42
31 89 35
32 35 24
33 77 51
34 63 32
35 22 14
36 34 28
37 19 4
38 84 36
39 50 11
40 73 50
41 90 19
42 79 58
43 11 30
44 70 23
45 27 2
46 62 17
47 88 46
48 12 40
49 49 12
50 38 57
51 74 43
52 93 56
53 89 35
54 83 12
55 15 9
56 76 53
57 47 15
58 76 54
59 88 46
60 71 45
61 35 37
62 80 44
63 10 35
64 71 52
65 26 20
66 76 47
67 56 21
68 51 44
69 18 45
70 80 55
71 64 2
72 91 9
73 14 17
74 74 31
75 98 31
76 40 18
77 74 49
78 92 42
79 67 1
80 87 23
81 64 41
82 37 8
83 8 42
84 89 39
85 47 39
86 78 14
87 36 55
88 94 55
89 90 9
90 25 43
91 12 7
92 89 45
93 86 30
94 46 40
95 86 3
96 85 15
97 37 30
98 35 45
99 89 22
0 36 20
1 64 41
2 54 23
3 81 48
4 81 21
5 49 57
6 17 23
7 59 39
8 7 12
9 52 29
10 81 3
11 38 57
12 78 33
13 4 10
14 93 40
15 78 15
16 77 48
17 89 55
18 97 12
19 4 9
20 87 25
21 91 18
22 93 15
23 79 36
24 76 48
25 71 57
26 66 38
27 29 26
28 9 29
29 39 26
30 38 13
31 11 49
32 53 31
33 12 36
34 57 41
35 10 16
36 16 56
37 87 28
38 24 18
39 45 29
40 92 20
41 6 21
42 82 27
43 19 55
44 6 53
45 63 11
46 18 12
47 21 7
48 38 27
49 9 22
50 23 16
51 9 17
52 16 40
53 34 30
54 89 54
55 90 54
56 6 28
57 79 32
58 49 42
59 66 21
60 73 22
61 38 56
62 13 34
63 2 18
64 5 55
65 71 39
66 3 56
67 5 53
68 35 10
69 26 16
70 43 23
71 73 52
72 22 1
73 98 15
74 44 46
75 94 54
76 64 45
77 94 22
78 96 21
79 83 16
80 53 9
81 57 37
82 10 32
83 17 13
84 46 30
85 37 47
86 17 8
87 5 22
88 80 44
89 66 13
90 9 43
91 26 12
92 61 30
93 90 20
94 96 50
95 83 27
96 63 3
97 49 46
98 88 42
99 78 31
0 78 26
1 72 29
2 77 46
3 4 26
4 88 43
5 24 37
6 72 41
7 35 31
8 73 22
9 18 7
10 52 11
11 88 30
12 95 8
13 51 7
14 7 42
15 11 38
16 46 56
17 31 14
18 69 23
19 54 42
20 72 46
21 51 31
22 37 17
23 17 19
24 62 54
25 58 29
26 98 46
27 79 18
28 88 19
29 37 31
30 33 14
31 54 44
32 62 23
33 63 23
34 79 35
35 79 10
36 42 23
37 94 19
38 98 5
39 53 45
40 35 25
41 51 15
42 25 19
43 93 31
44 50 42
45 85 26
46 88 32
47 60 39
48 42 39
49 48 58
50 42 44
51 96 29
52 98 31
53 2 4
54 14 13
55 34 46
56 36 32
57 85 2
58 87 28
59 97 16
60 95 55
61 16 7
62 7 23
63 58 20
64 75 29
65 4 1
66 4 52
67 38 55
68 97 20
69 62 56
70 55 7
71 50 9
72 3 33
73 94 25
74 27 5
75 83 18
76 37 16
77 64 38
78 98 20
79 34 18
80 67 2
81 25 9
82 38 11
83 41 55
84 90 32
85 89 22
86 19 7
87 2 28
88 75 23
89 86 35
90 74 8
91 14 41
92 79 4
93 95 30
94 39 24
95 30 55
96 72 54
97 68 39
98 21 14
99 61 37
0 85 1
1 65 19
2 81 44
3 78 34
4 11 9
5 88 49
6 29 16
7 62 22
8 38 51
9 64 36
10 89 41
11 6 53
12 89 8
13 40 53
14 94 46
15 25 3
16 29 17
17 25 55
18 25 31
19 37 5
20 78 53
21 14 39
22 30 10
23 47 18
24 15 34
25 8 34
26 75 15
27 36 29
28 52 37
29 15 28
30 53 28
31 38 38
32 96 46
33 17 16
34 95 35
35 78 18
36 58 28
37 10 51
38 34 41
39 28 21
40 87 49
41 17 24
42 74 37
43 44 20
44 90 40
45 27 26
46 67 22
47 34 58
48 55 42
49 13 56
50 82 24
51 17 1
52 80 1
53 12 34
54 63 18
55 84 35
56 99 31
57 31 55
58 33 27
59 70 12
60 17 44
61 7 57
62 72 48
63 79 35
64 14 36
65 12 26
66 47 16
67 27 27
68 13 40
69 26 58
70 83 49
71 34 31
72 91 45
73 31 28
74 97 54
75 78 28
76 37 18
77 56 39
78 11 48
79 2 24
80 68 37
81 69 16
82 97 24
83 5 58
84 60 14
85 55 8
86 88 35
87 77 44
88 42 4
89 37 24
90 66 19
91 83 48
92 53 43
93 4 12
94 28 45
95 33 42
96 50 2
97 7 6
98 35 14
99 6 5
0 80 25
1 11 6
2 34 58
3 47 14
4 6 56
5 85 16
6 76 42
7 42 16
8 43 55
9 10 32
10 73 4
11 66 55
12 71 13
13 50 28
14 70 55
15 36 25
16 35 57
17 82 52
18 91 14
19 30 22
20 47 18
21 73 32
22 89 15
23 23 25
24 95 8
25 70 23
26 38 12
27 10 29
28 7 50
29 93 44
30 13 33
31 91 18
32 51 14
33 43 56
34 57 31
35 63 11
36 57 13
37 72 37
38 85 45
39 40 9
40 73 14
41 16 14
42 20 4
43 17 24
44 26 41
45 6 58
46 79 51
47 18 4
48 84 51
49 4 27
50 18 27
51 16 31
52 51 22
53 22 5
54 42 21
55 56 30
56 72 28
57 10 55
58 19 23
59 23 41
60 64 41
61 28 20
62 74 3
63 53 56
64 70 18
65 6 56
66 79 28
67 17 29
68 5 35
69 38 38
70 4 38
71 41 46
72 71 51
73 3 6
74 47 36
75 90 57
76 16 5
77 78 50
78 61 3
79 49 18
80 68 19
81 85 50
82 38 14
83 64 42
84 38 56
85 85 35
86 85 38
87 14 24
88 7 30
89 60 23
90 23 10
91 81 36
92 27 44
93 20 32
94 89 54
95 14 6
96 25 30
97 42 43
98 3 35
99 73 9
0 35 44
1 89 36
2 79 19
3 43 2
4 49 41
5 28 56
6 34 58
7 87 9
8 37 11
9 49 22
10 98 26
11 34 30
12 94 36
13 46 40
14 63 37
15 14 31
16 30 38
17 6 38
18 75 20
19 95 13
20 22 5
21 97 53
22 64 11
23 37 49
24 37 26
25 82 6
26 45 18
27 39 20
28 6 49
29 78 54
30 42 28
31 20 37
32 49 30
33 58 11
34 62 38
35 8 36
36 25 8
37 51 1
38 44 43
39 57 39
40 91 43
41 34 14
42 6 13
43 49 21
44 45 17
45 22 13
46 82 56
47 75 56
48 61 14
49 49 39
50 65 29
51 19 17
52 71 32
53 28 40
54 84 29
55 32 2
56 65 9
57 48 46
58 70 22
59 21 1
60 64 7
61 85 15
62 93 1
63 4 1
64 77 23
65 56 38
66 10 37
67 91 54
68 62 3
69 17 22
70 15 35
71 37 10
72 40 58
73 82 11
74 77 31
75 83 16
76 67 21
77 89 49
78 94 33
79 12 57
80 64 30
81 82 7
82 30 15
83 40 7
84 38 10
85 64 9
86 41 28
87 24 18
88 90 19
89 37 52
90 31 40
91 34 24
92 88 28
93 13 40
94 4 25
95 86 54
96 77 41
97 32 5
98 10 12
99 62 8
0 81 47
1 6 10
2 67 17
3 32 46
4 11 19
5 71 48
6 21 7
7 10 5
8 6 5
9 21 3
10 79 3
11 88 36
12 89 30
13 99 38
14 40 5
15 92 40
16 91 10
17 63 32
18 74 21
19 52 28
20 65 46
21 63 23
22 96 17
23 36 18
24 18 8
25 18 42
26 78 35
27 8 13
28 32 12
29 43 45
30 47 20
31 93 22
32 78 57
33 7 1
34 29 14
35 78 38
36 80 49
37 26 40
38 63 42
39 74 17
40 60 43
41 33 9
42 9 54
43 29 16
44 75 11
45 31 57
46 79 19
47 80 19
48 93 31
49 91 4
50 12 47
51 41 21
52 30 28
53 45 8
54 69 3
55 40 36
56 12 15
57 81 38
58 83 12
59 49 45
60 79 46
61 24 54
62 50 12
63 50 9
64 30 55
65 63 45
66 91 46
67 10 9
68 81 28
69 95 55
70 32 25
71 21 35
72 91 24
73 34 20
74 74 51
75 21 35
76 54 39
77 91 32
78 88 56
79 19 35
80 56 37
81 38 9
82 64 57
83 63 8
84 34 37
85 87 22
86 20 8
87 73 52
88 70 3
89 46 18
90 48 3
91 74 50
92 78 34
93 92 15
94 64 2
95 70 29
96 11 22
97 33 12
98 40 38
99 38 53
0 79 28
1 64 7
2 5 28
3 32 54
4 91 46
5 43 42
6 20 29
7 30 28
8 79 39
9 79 47
10 31 7
11 99 18
12 75 57
13 18 25
14 58 45
15 10 36
16 90 47
17 22 54
18 79 51
19 4 15
20 11 35
21 57 55
22 12 8
23 53 31
24 22 31
25 91 28
26 40 5
27 51 56
28 75 4
29 36 7
30 40 13
31 56 30
32 49 13
33 24 4
34 58 46
35 32 21
36 89 10
37 60 19
38 89 52
39 3 47
40 81 11
41 67 20
42 98 9
43 88 29
44 90 10
45 55 18
46 53 29
47 88 58
48 4 34
49 42 22
50 91 15
51 60 31
52 88 39
53 85 41
54 57 8
55 93 14
56 86 33
57 22 12
58 17 31
59 33 1
60 56 17
61 23 8
62 87 31
63 97 49
64 19 12
65 29 21
66 66 14
67 59 21
68 21 5
69 20 28
70 74 32
71 14 36
72 3 12
73 30 5
74 57 28
75 70 20
76 44 22
77 10 1
78 17 41
79 13 58
80 51 22
81 95 18
82 72 31
83 88 6
84 33 3
85 5 38
86 25 39
87 89 58
88 4 14
89 9 34
90 23 58
91 8 51
92 64 41
93 83 54
94 97 42
95 73 17
96 4 37
97 95 19
98 25 2
99 37 41
0 33 46
1 3 33
2 39 40
3 92 2
4 61 2
5 65 12
6 73 42
7 6 23
8 71 13
9 97 25
10 11 43
11 43 57
12 4 43
13 54 39
14 37 23
15 96 11
16 84 40
17 79 6
18 53 29
19 12 55
20 34 3
21 74 29
22 53 46
23 92 9
24 30 44
25 84 54
26 73 44
27 95 23
28 80 15
29 96 45
30 54 29
31 15 25
32 72 43
33 50 13
34 97 27
35 31 44
36 68 43
37 88 32
38 11 31
39 68 57
40 76 2
41 3 18
42 64 17
43 15 10
44 12 20
45 21 40
46 16 39
47 26 4
48 38 10
49 82 13
50 89 20
51 25 13
52 82 5
53 17 30
54 2 19
55 37 50
56 32 25
57 71 8
58 16 38
59 32 5
60 28 17
61 11 10
62 40 29
63 96 3
64 73 41
65 72 20
66 65 12
67 39 48
68 81 55
69 80 7
70 18 11
71 13 18
72 67 23
73 36 26
74 65 27
75 75 8
76 30 10
77 34 10
78 4 12
79 38 18
80 32 42
81 79 54
82 48 30
83 2 46
84 84 25
85 23 14
86 82 3
87 51 16
88 20 42
89 85 40
90 5 19
91 16 2
92 21 13
93 21 14
94 92 25
95 89 18
96 13 33
97 42 58
98 58 10
99 96 51
0 10 6
1 21 19
2 39 12
3 75 51
4 96 45
5 57 39
6 41 1
7 78 56
8 18 12
9 12 31
10 8 37
11 79 55
12 31 27
13 98 11
14 6 7
15 86 55
16 50 44
17 70 10
18 10 31
19 20 29
20 86 13
21 86 15
22 10 54
23 99 24
24 22 27
25 75 20
26 43 7
27 82 24
28 79 40
29 4 15
30 47 18
31 18 45
32 16 56
33 41 28
34 85 39
35 22 42
36 54 30
37 81 3
38 15 4
39 79 6
40 90 34
41 14 41
42 35 22
43 16 4
44 44 15
45 89 28
46 24 20
47 46 21
48 26 38
49 7 16
50 96 53
51 39 51
52 11 29
53 7 10
54 65 39
55 85 21
56 83 50
57 26 44
58 8 45
59 6 32
60 29 3
61 5 26
62 19 42
63 96 21
64 23 19
65 45 23
66 60 8
67 56 14
68 20 46
69 27 31
70 52 18
71 93 23
72 51 36
73 98 40
74 87 48
75 50 14
76 29 13
77 67 32
78 33 36
79 76 14
80 88 12
81 89 51
82 86 27
83 25 41
84 21 3
85 99 10
86 6 25
87 89 16
88 75 18
89 25 15
90 84 48
91 39 41
92 26 5
93 81 33
94 92 6
95 46 22
96 11 20
97 26 13
98 87 58
99 29 11
0 26 8
1 40 18
2 19 56
3 64 8
4 20 21
5 15 10
6 56 20
7 8 56
8 23 6
9 44 19
10 38 11
11 31 17
12 27 14
13 4 2
14 6 1
15 29 36
16 82 11
17 13 46
18 37 53
19 91 27
20 37 5
21 80 7
22 5 13
23 33 29
24 91 40
25 60 17
26 53 17
27 60 23
28 88 51
29 41 16
30 84 56
31 11 20
32 79 34
33 3 54
34 37 27
35 91 19
36 22 24
37 86 12
38 98 17
39 99 30
40 30 30
41 72 46
42 48 46
43 37 8
44 92 48
45 30 12
46 60 8
47 28 21
48 22 2
49 75 21
50 99 14
51 28 27
52 81 27
53 52 45
54 18 20
55 33 30
56 15 6
57 7 37
58 67 18
59 22 19
60 49 54
61 51 16
62 84 4
63 2 51
64 26 31
65 60 31
66 34 13
67 42 58
68 57 42
69 87 50
70 42 29
71 47 38
72 62 40
73 41 40
74 66 44
75 8 54
76 27 16
77 81 53
78 35 17
79 38 38
80 37 37
81 47 29
82 24 28
83 70 7
84 71 39
85 58 47
86 7 1
87 50 8
88 28 27
89 73 19
90 95 26
91 76 22
92 18 56
93 96 53
94 97 16
95 42 29
96 21 24
97 72 48
98 83 28
99 36 30
0 66 41
1 78 21
2 38 31
3 34 44
4 98 24
5 85 19
6 40 39
7 42 40
8 92 33
9 30 19
10 62 20
11 60 13
12 81 13
13 38 12
14 30 40
15 92 51
16 19 2
17 10 4
18 61 1
19 66 29
20 66 43
21 82 47
22 18 15
23 38 41
24 32 41
25 33 30
26 16 14
27 82 30
28 30 42
29 2 5
30 92 24
31 4 25
32 87 25
33 31 58
34 19 14
35 76 52
36 8 39
37 6 16
38 92 56
39 10 37
40 27 56
41 46 38
42 25 13
43 25 10
44 82 50
45 8 16
46 95 3
47 26 54
48 9 20
49 12 23
50 63 44
51 84 27
52 28 15
53 80 2
54 25 11
55 72 19
56 14 31
57 9 43
58 88 50
59 4 17
60 86 48
61 38 38
62 33 7
63 3 38
64 68 38
65 50 40
66 60 30
67 10 40
68 28 19
69 9 49
70 5 19
71 54 17
72 53 29
73 35 31
74 18 25
75 35 43
76 4 47
77 73 49
78 56 38
79 42 31
80 20 37
81 82 23
82 88 2
83 95 53
84 36 26
85 73 32
86 8 35
87 50 21
88 63 19
89 8 47
90 45 3
91 52 11
92 60 28
93 87 29
94 27 13
95 83 29
96 51 13
97 76 42
98 7 14
99 59 54
0 50 57
1 20 31
2 33 12
3 84 48
4 29 28
5 76 38
6 18 35
7 51 40
8 90 51
9 20 36
10 84 15
11 49 29
12 4 3
13 74 16
14 68 44
15 39 49
16 6 12
17 42 21
18 96 35
19 4 30
20 7 13
21 3 1
22 87 5
23 20 41
24 82 53
25 2 16
26 27 14
27 74 27
28 25 22
29 14 46
30 14 21
31 74 20
32 15 21
33 90 33
34 83 13
35 17 14
36 18 34
37 97 11
38 77 55
39 25 27
40 33 44
41 18 11
42 73 58
43 95 12
44 27 45
45 14 8
46 49 3
47 48 1
48 57 29
49 6 2
50 73 53
51 11 41
52 59 22
53 34 57
54 71 45
55 23 16
56 35 15
57 52 22
58 16 43
59 50 1
60 85 13
61 98 9
62 51 42
63 74 57
64 32 41
65 68 55
66 23 13
67 40 39
68 58 7
69 37 9
70 39 10
71 69 15
72 20 39
73 91 29
74 10 25
75 75 49
76 7 37
77 37 50
78 14 14
79 87 9
80 87 52
81 71 8
82 57 14
83 65 16
84 27 26
85 82 22
86 79 55
87 35 5
88 73 44
89 91 39
90 16 5
91 41 1
92 11 11
93 8 45
94 68 19
95 69 54
96 2 7
97 77 31
98 87 34
99 19 33
0 18 3
1 40 8
2 88 48
3 16 7
4 20 37
5 32 17
6 48 18
7 79 37
8 17 11
9 70 30
10 17 10
11 88 23
12 71 2
13 36 22
14 9 4
15 7 27
16 55 9
17 26 58
18 46 31
19 85 55
20 18 38
21 56 37
22 79 18
23 81 13
24 19 45
25 85 37
26 90 27
27 50 54
28 19 31
29 78 25
30 35 29
31 10 57
32 62 32
33 39 41
34 53 23
35 37 32
36 13 2
37 52 42
38 20 13
39 17 31
40 91 17
41 94 42
42 26 57
43 63 18
44 79 28
45 71 3
46 81 9
47 9 37
48 95 2
49 89 40
50 6 32
51 69 3
52 11 40
53 4 52
54 20 15
55 19 28
56 2 53
57 55 42
58 40 44
59 6 46
60 81 11
61 47 37
62 14 44
63 94 7
64 89 20
65 41 32
66 52 39
67 3 21
68 62 18
69 8 15
70 38 55
71 46 57
72 76 58
73 63 54
74 98 37
75 56 28
76 88 17
77 41 44
78 69 8
79 84 18
80 30 28
81 3 4
82 79 42
83 1 30
84 23 18
85 64 58
86 18 3
87 52 13
88 32 5
89 4 11
90 42 2
91 98 36
92 58 47
93 86 11
94 38 41
95 14 12
96 69 43
97 14 22
98 44 55
99 8 24
0 12 2
1 36 14
2 32 22
3 87 1
4 8 8
5 32 3
6 8 48
7 76 45
8 96 12
9 62 57
10 26 7
11 73 39
12 55 3
13 94 13
14 88 33
15 77 21
16 98 31
17 21 58
18 7 56
19 63 37
20 63 11
21 3 19
22 28 15
23 91 1
24 86 52
25 26 58
26 15 32
27 29 1
28 37 42
29 58 29
30 17 24
31 42 43
32 42 42
33 82 47
34 73 9
35 66 14
36 70 14
37 98 58
38 40 2
39 95 23
40 61 57
41 74 28
42 39 26
43 69 21
44 30 40
45 72 3
46 37 7
47 27 36
48 47 22
49 98 23
50 55 15
51 96 32
52 24 8
53 90 51
54 20 32
55 96 1
56 54 14
57 77 29
58 26 2
59 83 57
60 35 1
61 31 46
62 70 7
63 55 42
64 69 1
65 64 14
66 10 57
67 41 15
68 85 34
69 3 20
70 29 2
71 69 54
72 86 49
73 73 49
74 39 17
75 7 54
76 73 16
77 70 43
78 15 30
79 56 38
80 53 11
81 90 10
82 38 14
83 54 38
84 16 3
85 40 11
86 51 39
87 59 37
88 92 39
89 32 4
90 98 57
91 17 40
92 38 51
93 86 6
94 29 45
95 79 52
96 32 39
97 56 9
98 46 28
99 50 16
0 89 49
1 37 53
2 18 12
3 38 5
4 3 42
5 38 49
6 42 58
7 65 1
8 19 36
9 31 54
10 22 39
11 37 10
12 27 24
13 15 16
14 80 12
15 4 48
16 36 24
17 73 50
18 74 28
19 80 28
20 91 17
21 88 26
22 64 31
23 28 30
24 25 54
25 74 20
26 42 23
27 13 57
28 78 49
29 61 16
30 61 15
31 97 41
32 24 10
33 69 45
34 82 45
35 3 54
36 19 38
37 17 10
38 22 16
39 91 38
40 61 24
41 44 56
42 11 11
43 12 50
44 72 13
45 43 21
46 23 41
47 61 2
48 7 35
49 69 12
50 91 50
51 8 52
52 58 2
53 59 23
54 40 23
55 37 17
56 44 8
57 24 12
58 48 16
59 41 20
60 29 26
61 28 29
62 94 4
63 37 57
64 78 18
65 26 14
66 91 15
67 52 20
68 4 22
69 31 30
70 98 20
71 4 46
72 74 28
73 10 30
74 28 39
75 96 5
76 26 16
77 40 43
78 31 26
79 96 50
80 8 18
81 36 18
82 3 8
83 64 19
84 12 7
85 79 53
86 38 37
87 9 33
88 30 6
89 86 54
90 48 55
91 88 54
92 85 44
93 35 1
94 78 15
95 30 26
96 60 14
97 87 29
98 35 10
99 55 58
0 19 3
1 80 30
2 58 45
3 92 30
4 43 23
5 94 48
6 70 57
7 6 39
8 93 35
9 81 44
10 28 54
11 44 17
12 90 27
13 78 3
14 45 36
15 76 32
16 64 55
17 38 37
18 3 10
19 76 21
20 81 53
21 37 7
22 65 17
23 19 2
24 96 26
25 61 30
26 56 28
27 77 40
28 48 3
29 91 2
30 7 3
31 15 26
32 72 30
33 3 49
34 33 58
35 89 19
36 8 4
37 57 19
38 95 2
39 96 3
40 88 8
41 77 17
42 40 18
43 10 34
44 55 19
45 40 18
46 79 30
47 11 37
48 33 18
49 18 3
50 87 2
51 11 12
52 73 9
53 43 38
54 30 14
55 68 36
56 59 32
57 6 5
58 20 39
59 27 36
60 66 7
61 67 41
62 94 6
63 95 1
64 48 56
65 79 25
66 84 19
67 62 21
68 74 9
69 50 40
70 51 44
71 15 36
72 50 58
73 15 7
74 97 32
75 86 40
76 23 44
77 87 7
78 70 19
79 18 5
80 26 9
81 25 40
82 65 16
83 16 38
84 56 21
85 74 51
86 39 37
87 36 56
88 97 18
89 15 39
90 18 55
91 39 44
92 96 44
93 19 21
94 35 44
95 38 5
96 16 12
97 34 27
98 29 25
99 21 39
0 21 30
1 22 14
2 98 17
3 75 53
4 92 39
5 6 51
6 94 56
7 12 26
8 47 19
9 65 17
10 52 30
11 9 49
12 69 20
13 52 11
14 33 29
15 5 41
16 75 4
17 27 30
18 52 3
19 73 21
20 55 13
21 23 19
22 86 30
23 21 57
24 32 41
25 5 18
26 71 23
27 79 16
28 27 9
29 3 50
30 2 56
31 63 3
32 26 25
33 90 36
34 61 18
35 5 28
36 88 28
37 57 16
38 3 56
39 31 12
40 40 31
41 2 49
42 43 3
43 30 54
44 18 3
45 49 55
46 47 58
47 20 26
48 90 26
49 52 22
50 35 12
51 70 2
52 38 42
53 62 41
54 44 21
55 46 46
56 76 22
57 53 44
58 20 6
59 66 30
60 24 38
61 79 22
62 5 56
63 14 27
64 72 2
65 64 15
66 38 57
67 88 52
68 39 30
69 92 17
70 30 5
71 21 25
72 69 9
73 70 9
74 10 41
75 58 11
76 15 5
77 18 5
78 22 37
79 84 54
80 27 27
81 94 47
82 55 55
83 40 13
84 37 31
85 97 18
86 22 22
87 86 18
88 62 7
89 93 48
90 28 14
91 73 8
92 22 15
93 83 11
94 15 34
95 83 37
96 84 45
97 74 55
98 1 30
99 6 19
0 89 13
1 18 57
2 93 9
3 85 20
4 83 7
5 86 49
6 16 54
7 13 31
8 40 55
9 91 54
10 7 25
11 38 44
12 57 7
13 26 43
14 14 20
15 35 39
16 21 4
17 73 43
18 76 20
19 46 30
20 68 57
21 98 33
22 93 37
23 88 14
24 70 43
25 11 34
26 29 14
27 37 32
28 85 29
29 12 8
30 16 16
31 42 7
32 22 7
33 45 23
34 4 26
35 45 13
36 22 37
37 54 41
38 36 8
39 4 33
40 8 37
41 2 32
42 90 42
43 96 42
44 6 19
45 8 6
46 77 44
47 21 43
48 11 13
49 27 9
50 45 16
51 27 12
52 34 41
53 92 17
54 42 44
55 78 49
56 86 52
57 69 2
58 80 24
59 82 43
60 8 10
61 40 5
62 92 50
63 88 16
64 13 28
65 10 39
66 6 47
67 26 8
68 88 23
69 8 56
70 10 5
71 95 3
72 81 54
73 83 45
74 12 10
75 10 34
76 7 15
77 19 56
78 24 40
79 21 27
80 18 25
81 92 57
82 99 39
83 79 11
84 86 16
85 23 27
86 46 3
87 82 29
88 94 28
89 74 47
90 47 16
91 39 2
92 26 54
93 25 9
94 18 37
95 9 43
96 63 46
97 99 28
98 81 53
99 3 35
0 77 45
1 9 19
2 96 2
3 24 41
4 66 28
5 84 12
6 89 38
7 89 43
8 28 28
9 3 21
10 91 15
11 73 56
12 46 41
13 92 55
14 94 9
15 28 19
16 89 43
17 18 30
18 73 48
19 57 36
20 79 42
21 91 8
22 95 37
23 90 38
24 21 37
25 77 16
26 55 44
27 40 46
28 67 8
29 33 3
30 30 24
31 30 55
32 41 21
33 38 26
34 42 1
35 38 51
36 73 1
37 86 3
38 71 1
39 2 29
40 87 23
41 53 36
42 88 26
43 49 28
44 86 53
45 45 56
46 93 46
47 89 38
48 74 50
49 23 39
50 13 16
51 3 36
52 93 11
53 62 16
54 48 37
55 73 45
56 58 30
57 65 23
58 69 58
59 80 2
60 88 25
61 18 24
62 64 19
63 81 12
64 56 15
65 65 40
66 14 23
67 21 36
68 93 42
69 83 24
70 91 9
71 47 29
72 39 3
73 49 57
74 95 1
75 93 18
76 48 17
77 94 47
78 84 56
79 55 29
80 94 29
81 6 14
82 13 28
83 22 4
84 4 48
85 97 8
86 73 50
87 80 43
88 13 53
89 6 50
90 61 44
91 59 40
92 73 38
93 56 8
94 12 53
95 84 16
96 24 46
97 29 39
98 2 53
99 64 56
0 58 8
1 61 22
2 26 26
3 27 30
4 48 41
5 77 47
6 38 46
7 4 21
8 67 39
9 21 9
10 97 53
11 19 31
12 90 42
13 76 42
14 57 36
15 83 33
16 66 14
17 40 48
18 55 19
19 21 7
20 7 5
21 90 28
22 92 12
23 20 6
24 35 36
25 35 6
26 42 21
27 14 46
28 56 44
29 39 36
30 74 8
31 26 15
32 54 21
33 2 33
34 87 9
35 11 27
36 91 44
37 17 19
38 37 13
39 35 26
40 92 48
41 13 26
42 15 21
43 20 33
44 36 13
45 28 20
46 96 30
47 56 23
48 68 13
49 7 51
50 7 54
51 55 37
52 43 21
53 24 6
54 32 42
55 33 20
56 7 30
57 9 27
58 20 30
59 35 39
60 65 7
61 68 38
62 16 17
63 35 48
64 87 34
65 3 24
66 96 39
67 38 21
68 31 9
69 80 52
70 38 12
71 85 20
72 44 20
73 86 32
74 36 55
75 62 31
76 34 55
77 89 27
78 39 58
79 43 28
80 44 40
81 97 15
82 49 9
83 39 25
84 5 19
85 2 52
86 35 10
87 92 52
88 3 20
89 35 39
90 46 31
91 42 46
92 40 40
93 87 48
94 91 2
95 7 17
96 11 38
97 61 40
98 35 2
99 50 9
0 88 34
1 91 14
2 19 28
3 94 18
4 84 10
5 26 45
6 90 50
7 5 25
8 30 37
9 86 13
10 96 56
11 69 19
12 4 27
13 97 25
14 90 9
15 81 11
16 23 19
17 33 18
18 90 4
19 16 3
20 23 20
21 56 36
22 17 14
23 81 4
24 90 46
25 6 15
26 86 20
27 84 27
28 49 18
29 18 43
30 69 58
31 1 16
32 4 57
33 87 28
34 93 34
35 28 9
36 94 17
37 61 46
38 13 33
39 27 54
40 31 3
41 9 53
42 85 36
43 38 51
44 6 20
45 21 43
46 50 3
47 20 3
48 30 24
49 13 7
50 36 6
51 66 45
52 9 6
53 38 39
54 85 49
55 99 16
56 96 17
57 10 32
58 8 8
59 82 36
60 6 18
61 11 7
62 84 54
63 97 38
64 86 57
65 81 49
66 33 10
67 81 15
68 32 39
69 27 8
70 79 30
71 19 6
72 58 2
73 21 29
74 8 57
75 88 42
76 23 17
77 56 2
78 73 44
79 22 6
80 72 29
81 64 14
82 9 52
83 98 56
84 4 54
85 74 7
86 13 34
87 16 13
88 73 3
89 3 41
90 94 13
91 77 20
92 69 12
93 14 27
94 31 22
95 43 9
96 46 19
97 54 31
98 85 43
99 77 2
0 55 39
1 38 38
2 66 7
3 31 4
4 52 12
5 4 25
6 24 45
7 39 48
8 10 47
9 53 55
10 74 56
11 57 19
12 23 10
13 60 47
14 47 38
15 2 25
16 8 17
17 2 15
18 63 2
19 79 20
20 2 19
21 3 35
22 6 5
23 46 30
24 1 4
25 37 26
26 76 39
27 14 22
28 9 22
29 18 46
30 83 44
31 36 4
32 39 28
33 35 15
34 9 28
35 95 39
36 29 4
37 4 38
38 32 29
39 87 54
40 15 33
41 81 26
42 36 36
43 69 8
44 39 38
45 38 37
46 90 55
47 47 57
48 87 53
49 54 57
50 17 39
51 40 14
52 3 55
53 73 42
54 61 8
55 69 1
56 69 13
57 35 46
58 75 43
59 90 35
60 53 37
61 16 54
62 15 2
63 37 7
64 22 30
65 23 30
66 55 9
67 15 34
68 44 11
69 73 39
70 90 28
71 22 8
72 33 9
73 81 27
74 45 15
75 7 10
76 80 7
77 8 31
78 7 8
79 91 21
80 7 51
81 21 45
82 25 57
83 35 45
84 44 54
85 97 7
86 5 46
87 94 8
88 71 16
89 36 56
90 57 7
91 79 16
92 85 49
93 29 28
94 51 42
95 52 21
96 5 22
97 70 54
98 75 57
99 5 55
0 25 32
1 71 48
2 7 4
3 84 5
4 1 18
5 56 39
6 18 15
7 98 24
8 47 14
9 27 42
10 30 45
11 33 27
12 86 54
13 54 43
14 70 16
15 28 46
16 92 14
17 37 6
18 21 57
19 79 29
20 10 3
21 14 23
22 77 44
23 15 15
24 17 17
25 5 30
26 3 37
27 56 39
28 53 23
29 33 57
30 18 35
31 52 21
32 69 46
33 37 3
34 21 25
35 44 29
36 12 5
37 21 4
38 63 55
39 84 39
40 32 45
41 11 6
42 90 9
43 73 41
44 62 14
45 89 23
46 29 31
47 35 25
48 13 52
49 11 51
50 45 56
51 22 17
52 26 38
53 99 7
54 53 30
55 43 56
56 97 36
57 11 30
58 98 36
59 7 23
60 43 30
61 21 34
62 96 44
63 93 20
64 7 58
65 21 34
66 6 49
67 11 24
68 23 38
69 88 10
70 80 7
71 29 26
72 13 36
73 7 36
74 10 30
75 93 48
76 51 22
77 24 5
78 6 38
79 10 16
80 14 18
81 5 57
82 23 55
83 40 58
84 80 5
85 16 27
86 82 55
87 18 4
88 39 21
89 37 54
90 73 47
91 3 54
92 85 51
93 29 36
94 85 36
95 65 14
96 10 32
97 7 48
98 10 39
99 71 14
0 71 1
1 29 9
2 79 3
3 39 58
4 70 8
5 63 56
6 19 13
7 90 29
8 99 2
9 8 50
10 50 10
11 69 41
12 54 13
13 93 6
14 34 40
15 94 38
16 43 55
17 80 58
18 84 5
19 80 18
20 71 16
21 17 54
22 84 32
23 7 9
24 98 54
25 79 13
26 35 43
27 65 28
28 21 3
29 95 44
30 10 5
31 45 23
32 56 55
33 61 28
34 75 44
35 29 22
36 85 24
37 38 58
38 40 55
39 95 46
40 78 13
41 5 6
42 82 30
43 73 44
44 77 31
45 19 34
46 94 24
47 20 27
48 9 33
49 35 29
50 11 9
51 9 49
52 93 24
53 77 42
54 79 21
55 30 19
56 24 17
57 30 8
58 64 12
59 44 20
60 11 54
61 75 16
62 46 9
63 96 13
64 40 8
65 59 55
66 84 36
67 33 31
68 50 16
69 7 30
70 16 42
71 12 49
72 89 58
73 67 16
74 72 37
75 66 30
76 22 14
77 16 6
78 40 21
79 99 46
80 16 57
81 32 30
82 50 39
83 45 22
84 51 36
85 31 4
86 44 7
87 75 54
88 35 11
89 35 17
90 11 37
91 21 26
92 4 55
93 18 9
94 62 38
95 12 4
96 79 24
97 13 16
98 19 57
99 9 41
0 95 11
1 90 6
2 2 55
3 80 10
4 61 42
5 16 33
6 20 3
7 54 57
8 79 38
9 58 23
10 54 44
11 49 58
12 64 18
13 59 47
14 93 22
15 17 55
16 35 52
17 37 50
18 63 13
19 13 24
20 61 30
21 2 48
22 88 16
23 63 27
24 57 20
25 53 55
26 79 53
27 54 44
28 37 31
29 21 15
30 86 50
31 76 42
32 94 19
33 54 45
34 79 15
35 25 24
36 91 42
37 98 17
38 36 22
39 18 44
40 6 6
41 70 12
42 66 44
43 14 22
44 51 2
45 35 30
46 6 40
47 96 16
48 69 22
49 67 54
50 26 5
51 51 55
52 87 8
53 66 20
54 85 44
55 79 48
56 11 37
57 87 3
58 79 37
59 58 12
60 97 38
61 5 50
62 29 17
63 48 20
64 98 3
65 27 30
66 68 44
67 81 44
68 29 13
69 33 12
70 81 31
71 49 17
72 96 42
73 30 19
74 39 4
75 70 9
76 7 50
77 75 43
78 81 44
79 44 37
80 96 3
81 91 50
82 75 32
83 47 30
84 1 32
85 89 41
86 54 22
87 20 13
88 23 43
89 35 2
90 21 23
91 75 44
92 79 15
93 64 40
94 55 8
95 78 17
96 85 36
97 93 54
98 21 25
99 94 11
0 28 26
1 17 1
2 36 47
3 68 13
4 18 40
5 35 54
6 91 41
7 2 32
8 63 3
9 91 28
10 1 32
11 20 25
12 68 41
13 50 29
14 80 57
15 8 17
16 72 14
17 35 21
18 19 29
19 43 20
20 62 43
21 59 54
22 62 8
23 42 2
24 99 58
25 45 15
26 12 39
27 41 56
28 67 9
29 64 8
30 57 9
31 28 36
32 67 8
33 15 19
34 93 12
35 83 12
36 49 15
37 82 53
38 47 8
39 3 38
40 15 43
41 28 39
42 20 6
43 22 27
44 24 12
45 16 24
46 47 44
47 25 23
48 26 45
49 47 17
50 69 8
51 68 31
52 77 32
53 79 15
54 83 56
55 51 55
56 42 28
57 94 36
58 46 15
59 52 1
60 32 42
61 25 21
62 35 58
63 22 14
64 15 41
65 21 11
66 54 23
67 78 20
68 5 24
69 83 31
70 37 20
71 83 12
72 93 14
73 46 46
74 17 39
75 14 24
76 2 15
77 19 46
78 93 13
79 78 23
80 36 7
81 30 19
82 68 58
83 17 3
84 22 34
85 52 55
86 22 19
87 10 25
88 3 55
89 87 33
90 65 46
91 23 39
92 83 19
93 1 45
94 98 16
95 60 4
96 14 19
97 80 40
98 31 43
99 58 9
0 86 35
1 42 28
2 33 40
3 91 47
4 69 18
5 18 20
6 84 37
7 61 55
8 10 31
9 37 13
10 40 20
11 48 2
12 58 31
13 9 19
14 80 5
15 59 29
16 50 37
17 76 44
18 55 18
19 33 32
20 43 20
21 19 8
22 94 35
23 57 40
24 76 17
25 95 50
26 36 8
27 81 58
28 73 55
29 65 15
30 23 28
31 3 30
32 40 42
33 11 12
34 46 42
35 47 23
36 50 54
37 91 42
38 9 20
39 36 26
40 66 55
41 54 40
42 8 28
43 25 28
44 48 23
45 45 55
46 37 20
47 53 23
48 98 40
49 29 39
50 59 20
51 87 4
52 81 11
53 89 56
54 28 8
55 39 47
56 83 11
57 63 14
58 7 47
59 22 7
60 81 48
61 58 19
62 20 1
63 20 34
64 82 52
65 58 42
66 45 21
67 39 45
68 9 26
69 35 41
70 80 16
71 18 22
72 32 45
73 6 43
74 17 16
75 6 13
76 49 39
77 89 37
78 27 58
79 32 42
80 73 39
81 85 20
82 89 46
83 9 49
84 66 38
85 30 17
86 40 40
87 84 48
88 78 53
89 94 53
90 38 19
91 16 42
92 91 34
93 56 19
94 83 40
95 84 28
96 44 24
97 3 5
98 95 38
99 83 53
0 38 45
1 77 54
2 43 38
3 26 56
4 36 3
5 15 17
6 78 30
7 27 5
8 59 17
9 6 30
10 65 46
11 34 56
12 3 52
13 12 1
14 23 11
15 59 31
16 41 18
17 76 14
18 71 43
19 3 12
20 13 28
21 11 6
22 28 56
23 17 7
24 65 23
25 27 37
26 64 56
27 22 13
28 38 6
29 82 35
30 9 7
31 23 15
32 10 51
33 7 9
34 4 13
35 29 54
36 42 45
37 64 42
38 68 58
39 10 6
40 21 37
41 93 12
42 87 23
43 86 52
44 98 12
45 48 56
46 18 45
47 59 29
48 94 31
49 70 32
50 86 5
51 8 4
52 53 2
53 81 2
54 85 30
55 11 46
56 64 2
57 88 27
58 14 2
59 66 27
60 85 24
61 25 29
62 52 41
63 37 18
64 78 38
65 53 55
66 5 34
67 91 25
68 50 2
69 78 56
70 71 53
71 26 2
72 11 9
73 64 18
74 13 54
75 20 41
76 4 36
77 93 41
78 86 33
79 36 11
80 72 37
81 43 38
82 88 14
83 26 39
84 80 3
85 64 8
86 20 28
87 97 24
88 69 57
89 33 29
90 85 54
91 14 22
92 56 2
93 89 37
94 81 5
95 89 3
96 97 54
97 95 39
98 93 49
99 3 18
0 74 37
1 53 8
2 27 19
3 41 44
4 52 44
5 85 36
6 79 28
7 19 23
8 13 39
9 28 24
10 82 33
11 49 19
12 27 6
13 85 12
14 29 20
15 46 8
16 27 18
17 42 13
18 22 54
19 86 37
20 98 42
21 5 46
22 2 3
23 99 8
24 49 46
25 17 28
26 46 30
27 77 42
28 32 10
29 84 43
30 3 22
31 69 44
32 95 50
33 90 42
34 65 55
35 34 38
36 19 40
37 18 44
38 39 4
39 26 22
40 26 14
41 46 2
42 15 5
43 60 39
44 52 13
45 82 25
46 9 11
47 3 53
48 53 38
49 81 6
50 86 54
51 80 43
52 70 54
53 41 18
54 19 15
55 14 6
56 74 45
57 81 44
58 24 12
59 70 56
60 48 30
61 88 34
62 71 7
63 4 44
64 28 40
65 13 22
66 98 24
67 47 22
68 16 12
69 12 49
70 12 45
71 43 44
72 79 51
73 5 51
74 24 26
75 39 25
76 64 39
77 50 37
78 76 40
79 82 20
80 50 42
81 89 36
82 38 27
83 40 1
84 33 54
85 17 41
86 24 26
87 60 41
88 37 29
89 78 38
90 32 3
91 39 23
92 57 15
93 69 9
94 57 12
95 91 55
96 32 54
97 34 58
98 6 40
99 39 7
0 36 47
1 90 50
2 10 53
3 23 41
4 27 7
5 12 41
6 52 10
7 94 45
8 77 20
9 87 51
10 52 29
11 20 26
12 8 48
13 88 57
14 78 46
15 22 43
16 24 4
17 48 17
18 91 48
19 27 56
20 81 18
21 98 52
22 64 20
23 57 31
24 94 22
25 99 54
26 39 50
27 28 18
28 34 53
29 8 55
30 79 44
31 27 42
32 4 45
33 39 3
34 35 46
35 34 53
36 55 8
37 75 58
38 21 40
39 55 28
40 75 14
41 33 31
42 76 18
43 25 25
44 94 54
45 30 29
46 68 13
47 11 57
48 21 10
49 78 23
50 37 54
51 50 27
52 85 39
53 90 37
54 60 22
55 39 5
56 72 31
57 82 16
58 6 43
59 77 46
60 64 12
61 38 54
62 70 31
63 46 20
64 31 18
65 86 22
66 79 15
67 36 25
68 67 42
69 60 18
70 18 18
71 83 19
72 72 50
73 31 36
74 40 44
75 38 9
76 15 28
77 36 20
78 42 7
79 80 38
80 53 44
81 8 2
82 85 28
83 33 25
84 97 39
85 38 53
86 40 52
87 4 33
88 7 10
89 36 1
90 83 22
91 86 41
92 27 16
93 30 19
94 82 4
95 90 33
96 34 5
97 44 39
98 81 2
99 87 12
0 59 20
1 98 19
2 21 30
3 94 34
4 84 18
5 34 39
6 58 42
7 17 45
8 25 22
9 83 47
10 52 46
11 8 10
12 57 14
13 21 18
14 74 57
15 11 16
16 88 32
17 9 14
18 90 49
19 47 42
20 82 34
21 31 36
22 8 46
23 98 50
24 61 56
25 38 15
26 3 25
27 69 2
28 36 17
29 93 47
30 8 33
31 32 38
32 31 11
33 55 27
34 59 15
35 93 49
36 21 9
37 38 19
38 37 2
39 14 30
40 7 30
41 72 49
42 36 4
43 81 44
44 82 30
45 92 23
46 90 3
47 82 8
48 38 37
49 2 15
50 32 14
51 36 14
52 77 52
53 82 22
54 26 27
55 24 12
56 13 2
57 3 54
58 84 34
59 48 18
60 90 43
61 81 11
62 35 19
63 35 17
64 20 38
65 85 55
66 50 9
67 63 10
68 24 16
69 70 11
70 2 4
71 48 46
72 79 22
73 70 28
74 95 35
75 37 17
76 83 54
77 76 1
78 69 44
79 75 55
80 67 37
81 91 1
82 82 30
83 79 29
84 67 44
85 50 58
86 8 6
87 78 44
88 7 16
89 4 39
90 38 7
91 49 22
92 8 14
93 22 24
94 21 39
95 11 52
96 47 21
97 80 12
98 25 23
99 62 1
0 37 42
1 75 28
2 11 46
3 56 28
4 98 20
5 94 45
6 17 9
7 82 16
8 96 10
9 37 55
10 30 31
11 92 45
12 82 17
13 22 6
14 55 18
15 95 4
16 85 5
17 52 22
18 12 49
19 12 41
20 79 25
21 12 18
22 82 7
23 54 39
24 35 7
25 49 10
26 37 55
27 82 48
28 14 41
29 61 20
30 4 49
31 82 25
32 88 13
33 32 3
34 47 17
35 29 31
36 77 47
37 17 25
38 33 12
39 52 1
40 67 42
41 45 42
42 29 10
43 22 2
44 44 46
45 73 28
46 39 26
47 61 16
48 99 15
49 45 39
50 20 58
51 12 4
52 57 58
53 26 7
54 63 42
55 35 27
56 14 15
57 48 3
58 79 18
59 64 57
60 3 43
61 19 30
62 72 44
63 13 56
64 24 56
65 19 24
66 93 51
67 54 9
68 77 15
69 81 4
70 92 9
71 18 57
72 29 45
73 47 39
74 92 21
75 29 1
76 11 10
77 24 47
78 89 16
79 93 44
80 83 29
81 10 16
82 66 13
83 12 51
84 36 21
85 63 19
86 88 20
87 41 1
88 12 21
89 60 2
90 59 19
91 31 8
92 53 55
93 7 28
94 86 25
95 8 50
96 52 17
97 92 19
98 79 1
99 48 30
0 89 22
1 10 30
2 2 51
3 92 32
4 65 13
5 32 15
6 21 32
7 49 42
8 4 6
9 90 48
10 94 53
11 16 35
12 12 27
13 12 7
14 84 27
15 33 13
16 80 24
17 17 12
18 70 14
19 20 11
20 32 13
21 13 55
22 14 17
23 33 28
24 89 44
25 31 43
26 88 20
27 27 4
28 82 25
29 68 21
30 5 35
31 73 47
32 96 54
33 29 28
34 70 43
35 10 27
36 98 42
37 73 19
38 36 13
39 4 12
40 93 12
41 69 7
42 70 10
43 31 38
44 46 14
45 21 1
46 7 15
47 29 2
48 93 12
49 85 27
50 84 13
51 65 43
52 69 43
53 61 29
54 79 16
55 41 30
56 63 36
57 6 37
58 96 35
59 87 4
60 29 21
61 45 32
62 3 16
63 17 37
64 73 3
65 72 2
66 63 8
67 11 10
68 65 42
69 30 19
70 77 41
71 94 17
72 26 46
73 75 51
74 80 18
75 20 22
76 77 51
77 6 32
78 47 24
79 39 24
80 89 3
81 14 37
82 6 12
83 45 10
84 30 29
85 54 46
86 47 40
87 47 28
88 93 26
89 38 18
90 62 55
91 91 12
92 57 14
93 12 12
94 60 46
95 30 17
96 97 33
97 67 56
98 26 45
99 27 18
0 86 37
1 24 29
2 97 35
3 86 26
4 81 22
5 93 16
6 9 49
7 71 37
8 79 48
9 82 17
10 98 4
11 62 15
12 51 16
13 75 16
14 74 23
15 95 9
16 31 6
17 71 8
18 18 37
19 46 54
20 76 45
21 60 31
22 91 7
23 34 2
24 53 8
25 5 17
26 54 39
27 4 40
28 71 14
29 92 49
30 4 21
31 14 14
32 40 21
33 17 20
34 14 40
35 91 9
36 47 37
37 17 54
38 86 44
39 46 27
40 70 32
41 4 48
42 53 42
43 3 48
44 27 27
45 7 10
46 92 58
47 29 55
48 40 37
49 65 1
50 54 13
51 72 45
52 26 32
53 7 39
54 81 12
55 39 39
56 12 57
57 98 52
58 27 42
59 54 32
60 57 42
61 93 28
62 84 46
63 65 28
64 99 48
65 71 51
66 97 37
67 72 47
68 80 44
69 40 44
70 57 18
71 33 20
72 72 57
73 37 23
74 46 32
75 12 26
76 31 55
77 13 55
78 98 43
79 13 33
80 76 55
81 27 57
82 8 42
83 85 49
84 87 1
85 59 56
86 70 54
87 97 57
88 73 47
89 84 38
90 52 31
91 80 56
92 35 29
93 59 41
94 11 24
95 44 20
96 94 34
97 80 24
98 48 31
99 24 42
