0 94 30
1 56 36
2 30 17
3 78 18
4 85 34
5 58 29
6 8 37
7 59 55
8 59 12
9 12 12
10 34 25
11 16 12
12 62 14
13 30 8
14 6 33
0 17 5
1 70 18
2 39 14
3 39 37
4 32 39
5 87 16
6 76 57
7 81 17
8 36 53
9 19 56
10 90 8
11 80 10
12 5 5
13 96 18
14 32 56
0 94 24
1 73 49
2 86 33
3 54 42
4 34 13
5 17 13
6 5 16
7 48 46
8 79 10
9 9 25
10 16 2
11 93 35
12 87 38
13 61 15
14 67 42
0 41 16
1 61 19
2 6 3
3 35 28
4 96 56
5 2 41
6 42 43
7 6 56
8 85 2
9 55 38
10 23 54
11 63 10
12 81 46
13 59 58
14 39 28
0 14 44
1 36 24
2 94 20
3 77 21
4 32 13
5 42 31
6 84 34
7 91 27
8 44 22
9 6 42
10 47 55
11 37 25
12 96 21
13 97 35
14 27 39
0 93 8
1 81 52
2 25 2
3 10 11
4 30 22
5 52 2
6 49 54
7 30 10
8 56 57
9 35 56
10 47 46
11 9 54
12 50 8
13 27 38
14 66 54
0 8 34
1 98 26
2 97 20
3 44 56
4 9 48
5 25 31
6 16 30
7 97 25
8 80 4
9 4 55
10 87 14
11 93 2
12 88 21
13 5 33
14 59 37
0 96 6
1 85 41
2 18 29
3 52 9
4 98 53
5 89 54
6 90 10
7 15 46
8 16 6
9 96 10
10 77 45
11 26 54
12 8 4
13 75 55
14 92 33
0 77 57
1 79 30
2 79 4
3 76 20
4 23 29
5 8 54
6 74 55
7 28 4
8 35 21
9 24 1
10 35 2
11 99 35
12 18 2
13 54 23
14 42 13
0 75 38
1 46 29
2 66 55
3 28 13
4 96 38
5 79 48
6 89 8
7 51 45
8 56 39
9 47 14
10 57 56
11 38 28
12 95 10
13 39 2
14 81 23
0 48 42
1 18 2
2 57 57
3 46 46
4 23 22
5 11 29
6 78 42
7 28 19
8 79 32
9 13 8
10 49 19
11 93 34
12 73 42
13 95 21
14 44 2
0 13 56
1 70 3
2 21 31
3 81 51
4 80 15
5 18 13
6 96 42
7 14 21
8 88 2
9 11 24
10 5 36
11 75 1
12 32 56
13 91 43
14 15 3
0 64 22
1 85 30
2 28 5
3 23 21
4 55 20
5 22 27
6 86 53
7 91 8
8 59 45
9 10 27
10 18 15
11 7 11
12 11 6
13 15 58
14 9 31
0 51 8
1 25 56
2 84 34
3 36 39
4 78 48
5 72 47
6 5 52
7 82 36
8 17 15
9 58 55
10 3 5
11 96 49
12 34 55
13 46 2
14 69 37
0 77 57
1 16 24
2 71 12
3 36 6
4 81 45
5 39 31
6 87 31
7 51 41
8 83 39
9 71 21
10 27 14
11 97 55
12 82 31
13 24 18
14 42 55
0 95 8
1 30 25
2 95 54
3 74 41
4 11 9
5 94 43
6 98 34
7 19 3
8 69 22
9 37 47
10 45 57
11 25 28
12 21 40
13 78 55
14 98 30
0 62 20
1 85 55
2 82 56
3 46 30
4 53 2
5 94 44
6 80 7
7 5 34
8 35 30
9 38 44
10 85 57
11 91 43
12 39 41
13 97 31
14 3 6
0 72 39
1 57 39
2 52 31
3 15 34
4 83 24
5 54 40
6 72 22
7 3 3
8 25 43
9 92 45
10 99 53
11 76 42
12 40 18
13 83 36
14 85 40
0 37 47
1 59 57
2 13 37
3 63 45
4 6 30
5 93 39
6 15 36
7 98 38
8 25 16
9 28 10
10 88 24
11 40 16
12 15 54
13 80 12
14 18 46
0 33 2
1 73 48
2 7 29
3 21 32
4 35 26
5 70 57
6 58 17
7 96 50
8 71 2
9 32 4
10 60 39
11 91 54
12 13 45
13 41 1
14 13 30
0 26 29
1 37 48
2 70 29
3 3 11
4 5 39
5 8 5
6 80 49
7 11 18
8 51 41
9 93 9
10 32 27
11 18 11
12 13 23
13 62 22
14 56 21
0 93 15
1 11 24
2 99 15
3 41 44
4 52 2
5 87 40
6 13 43
7 40 19
8 3 34
9 14 44
10 98 22
11 5 18
12 90 41
13 43 14
14 44 18
0 38 16
1 13 42
2 36 12
3 50 44
4 67 55
5 11 50
6 73 52
7 53 44
8 34 13
9 22 37
10 87 56
11 8 39
12 68 46
13 98 21
14 93 7
0 85 13
1 11 37
2 5 30
3 98 24
4 4 24
5 55 31
6 92 11
7 18 14
8 80 53
9 87 43
10 9 2
11 39 18
12 37 5
13 42 42
14 51 30
0 25 22
1 41 2
2 54 17
3 90 33
4 90 47
5 52 15
6 92 26
7 33 41
8 88 3
9 67 39
10 70 21
11 85 2
12 89 20
13 29 13
14 84 22
0 26 25
1 87 22
2 83 3
3 10 57
4 96 47
5 89 28
6 21 32
7 88 2
8 6 40
9 63 28
10 5 44
11 55 42
12 43 45
13 5 51
14 4 29
0 18 20
1 40 16
2 44 30
3 85 39
4 90 50
5 18 22
6 37 54
7 12 20
8 71 9
9 35 57
10 8 3
11 61 29
12 21 2
13 96 22
14 43 41
0 36 23
1 9 49
2 64 9
3 35 26
4 92 50
5 84 1
6 92 56
7 28 25
8 6 2
9 59 40
10 70 55
11 77 47
12 91 26
13 26 43
14 38 41
0 56 56
1 57 9
2 56 58
3 30 29
4 45 45
5 5 50
6 89 54
7 26 42
8 31 15
9 96 5
10 73 42
11 37 17
12 87 33
13 69 43
14 22 40
0 60 19
1 10 13
2 45 31
3 26 28
4 9 38
5 6 24
6 12 28
7 31 38
8 93 54
9 44 30
10 35 20
11 4 50
12 6 21
13 64 45
14 69 38
0 61 7
1 50 44
2 28 44
3 94 8
4 4 18
5 19 35
6 28 2
7 91 14
8 58 21
9 57 15
10 64 17
11 47 8
12 63 30
13 99 53
14 91 53
0 2 16
1 32 15
2 45 7
3 57 45
4 34 41
5 60 44
6 34 17
7 33 15
8 79 24
9 80 13
10 86 44
11 53 45
12 85 6
13 9 12
14 6 35
0 89 41
1 74 17
2 43 22
3 3 29
4 31 23
5 79 41
6 64 10
7 89 24
8 52 56
9 57 29
10 62 40
11 46 16
12 97 38
13 32 15
14 94 11
0 76 31
1 72 29
2 86 23
3 29 39
4 82 20
5 31 11
6 89 27
7 4 37
8 5 23
9 30 55
10 90 46
11 57 13
12 47 41
13 44 54
14 9 21
0 5 20
1 31 38
2 69 40
3 90 42
4 69 13
5 95 8
6 94 27
7 11 19
8 54 31
9 93 25
10 80 50
11 24 16
12 57 40
13 25 30
14 25 30
0 87 52
1 58 8
2 8 4
3 72 19
4 11 44
5 35 23
6 53 28
7 50 17
8 90 5
9 98 54
10 93 14
11 31 54
12 9 9
13 55 56
14 5 47
0 31 30
1 58 19
2 20 29
3 17 16
4 3 7
5 49 41
6 24 21
7 3 33
8 22 5
9 52 56
10 26 4
11 25 56
12 6 14
13 8 43
14 48 28
0 70 44
1 35 39
2 58 37
3 12 48
4 35 2
5 25 25
6 68 17
7 18 30
8 16 41
9 73 20
10 28 26
11 20 56
12 35 16
13 75 36
14 73 55
0 88 9
1 91 12
2 61 16
3 64 38
4 10 25
5 11 21
6 23 22
7 84 46
8 18 57
9 16 28
10 66 44
11 40 3
12 17 25
13 35 2
14 46 45
0 52 56
1 35 46
2 95 29
3 41 36
4 92 39
5 31 29
6 20 4
7 61 56
8 9 4
9 89 45
10 65 19
11 30 30
12 10 43
13 81 35
14 86 11
0 2 41
1 60 42
2 19 20
3 66 2
4 11 23
5 79 45
6 76 22
7 32 46
8 91 38
9 23 22
10 4 18
11 24 25
12 23 24
13 82 44
14 11 28
0 98 16
1 64 43
2 96 19
3 8 43
4 82 21
5 88 2
6 90 18
7 7 26
8 80 57
9 5 22
10 49 16
11 75 19
12 8 55
13 94 4
14 59 55
0 4 8
1 63 44
2 38 40
3 58 28
4 59 45
5 17 9
6 90 18
7 4 13
8 89 57
9 81 56
10 8 36
11 23 18
12 85 23
13 79 4
14 27 7
0 33 55
1 94 19
2 73 52
3 31 16
4 92 8
5 77 17
6 49 18
7 22 24
8 73 42
9 59 18
10 37 47
11 67 2
12 22 38
13 48 44
14 20 6
0 89 35
1 41 55
2 93 49
3 27 18
4 93 24
5 49 39
6 79 26
7 71 42
8 6 52
9 5 25
10 24 41
11 27 30
12 81 43
13 33 11
14 93 33
0 6 51
1 20 8
2 62 54
3 75 43
4 9 23
5 11 3
6 93 5
7 61 41
8 84 28
9 4 46
10 2 3
11 78 19
12 7 48
13 4 40
14 12 9
0 22 55
1 72 18
2 95 5
3 33 46
4 84 37
5 88 29
6 87 29
7 39 7
8 44 16
9 98 24
10 51 30
11 79 1
12 16 56
13 85 19
14 28 11
0 67 31
1 12 14
2 12 18
3 59 28
4 68 2
5 16 41
6 48 30
7 17 6
8 85 26
9 67 2
10 50 54
11 29 29
12 46 21
13 50 44
14 37 14
0 75 29
1 41 42
2 50 30
3 87 35
4 84 32
5 16 11
6 24 8
7 81 7
8 26 17
9 34 22
10 22 31
11 88 47
12 15 22
13 65 30
14 4 11
0 90 34
1 4 7
2 95 23
3 71 54
4 80 33
5 82 23
6 75 37
7 29 9
8 20 29
9 4 7
10 83 12
11 89 26
12 37 37
13 90 31
14 71 15
0 97 50
1 37 7
2 36 57
3 42 23
4 44 41
5 12 33
6 7 35
7 90 47
8 19 40
9 72 52
10 5 16
11 42 16
12 66 42
13 4 38
14 19 44
0 51 55
1 76 16
2 6 51
3 77 20
4 26 13
5 72 28
6 91 45
7 85 48
8 27 36
9 34 19
10 46 56
11 66 45
12 44 44
13 4 35
14 12 21
0 32 4
1 67 27
2 22 27
3 20 5
4 72 54
5 45 14
6 68 37
7 87 29
8 10 5
9 44 20
10 82 23
11 26 19
12 2 36
13 18 11
14 26 1
0 6 23
1 51 8
2 33 17
3 43 18
4 65 28
5 81 29
6 27 44
7 80 17
8 56 20
9 35 24
10 31 37
11 3 19
12 87 15
13 27 24
14 42 56
0 84 37
1 69 28
2 13 24
3 45 9
4 43 31
5 82 20
6 47 20
7 16 14
8 3 50
9 68 23
10 2 33
11 56 18
12 43 42
13 4 14
14 92 28
0 69 43
1 15 38
2 19 36
3 25 6
4 54 56
5 98 8
6 18 33
7 12 43
8 32 23
9 76 56
10 37 13
11 86 5
12 10 18
13 7 27
14 33 29
0 50 16
1 50 8
2 66 2
3 3 40
4 30 15
5 11 33
6 83 6
7 8 34
8 78 45
9 21 56
10 58 3
11 17 22
12 76 16
13 72 44
14 5 37
0 3 42
1 9 32
2 59 18
3 8 21
4 64 38
5 15 16
6 48 29
7 2 15
8 79 4
9 7 55
10 13 13
11 50 16
12 76 2
13 27 29
14 54 42
0 10 30
1 19 44
2 95 49
3 16 32
4 69 28
5 34 8
6 12 11
7 90 33
8 55 41
9 88 57
10 66 30
11 53 42
12 36 22
13 84 46
14 86 31
0 12 4
1 80 34
2 73 9
3 27 20
4 30 1
5 45 44
6 55 37
7 76 29
8 3 4
9 39 40
10 84 27
11 17 16
12 51 57
13 87 29
14 83 44
