0 31 12
1 83 58
2 54 42
3 15 1
4 23 18
5 89 49
6 43 56
7 11 20
8 48 9
9 6 25
10 82 32
11 50 55
12 76 31
13 79 53
14 94 46
15 75 37
16 20 46
17 58 54
18 13 14
19 90 28
20 3 53
21 59 42
22 87 6
23 40 54
24 67 39
25 21 10
26 2 55
27 41 18
28 66 30
29 42 41
30 80 2
31 9 6
32 38 41
33 80 8
34 31 26
35 58 22
36 59 58
37 3 23
38 32 7
39 34 8
40 73 14
41 69 40
42 20 23
43 64 44
44 97 56
45 1 34
46 94 45
47 18 44
48 96 50
49 97 2
0 80 37
1 55 43
2 29 8
3 6 41
4 92 39
5 73 45
6 29 15
7 50 57
8 51 8
9 32 9
10 40 40
11 52 9
12 60 14
13 90 23
14 66 37
15 11 3
16 7 11
17 26 37
18 5 46
19 5 17
20 28 8
21 28 23
22 35 19
23 36 30
24 92 12
25 33 17
26 98 28
27 43 20
28 5 23
29 98 21
30 64 42
31 40 23
32 81 8
33 5 49
34 46 9
35 32 10
36 66 2
37 36 22
38 43 9
39 25 9
40 23 31
41 98 46
42 66 38
43 13 9
44 92 35
45 97 17
46 39 31
47 27 44
48 78 17
49 25 22
0 83 23
1 66 44
2 90 45
3 57 43
4 74 39
5 39 21
6 44 23
7 89 11
8 30 6
9 20 12
10 73 31
11 68 11
12 19 36
13 2 3
14 54 22
15 65 9
16 41 13
17 4 24
18 12 54
19 57 19
20 94 56
21 7 46
22 31 30
23 3 35
24 62 56
25 98 8
26 16 16
27 13 52
28 77 16
29 84 55
30 89 37
31 54 3
32 28 40
33 36 45
34 22 11
35 88 22
36 49 31
37 95 34
38 38 55
39 42 37
40 79 10
41 12 27
42 92 11
43 62 44
44 93 52
45 95 33
46 45 54
47 22 6
48 73 2
49 54 46
0 39 44
1 68 57
2 16 1
3 41 39
4 84 55
5 32 19
6 57 11
7 71 31
8 27 13
9 38 25
10 56 28
11 78 49
12 92 50
13 60 31
14 32 38
15 80 3
16 68 55
17 36 32
18 29 37
19 59 14
20 88 13
21 69 10
22 6 5
23 18 22
24 89 56
25 28 56
26 24 19
27 87 14
28 17 3
29 96 21
30 94 23
31 87 13
32 37 40
33 12 23
34 89 52
35 94 1
36 80 43
37 90 4
38 66 31
39 86 57
40 77 51
41 22 3
42 8 12
43 31 42
44 55 57
45 42 13
46 3 45
47 24 54
48 77 45
49 84 45
0 64 9
1 91 20
2 14 57
3 41 13
4 46 8
5 56 16
6 23 30
7 23 26
8 62 29
9 14 56
10 78 12
11 32 17
12 3 10
13 28 15
14 21 41
15 28 22
16 23 15
17 94 48
18 77 47
19 7 46
20 68 11
21 26 41
22 83 14
23 91 20
24 44 46
25 37 12
26 10 56
27 3 58
28 10 26
29 58 7
30 87 44
31 86 57
32 25 46
33 6 8
34 82 31
35 82 18
36 3 43
37 38 6
38 47 44
39 36 37
40 18 3
41 18 19
42 68 56
43 13 31
44 98 34
45 3 2
46 59 57
47 75 13
48 88 51
49 23 45
0 63 3
1 72 4
2 92 52
3 37 37
4 57 44
5 54 41
6 79 47
7 37 6
8 77 40
9 79 38
10 11 12
11 97 48
12 66 37
13 41 21
14 45 19
15 5 30
16 60 39
17 85 6
18 28 36
19 61 46
20 48 7
21 2 2
22 80 10
23 6 3
24 8 34
25 91 7
26 32 5
27 46 55
28 71 19
29 79 18
30 9 41
31 60 42
32 52 21
33 70 57
34 27 21
35 82 30
36 60 39
37 32 13
38 22 36
39 17 42
40 38 14
41 50 10
42 2 56
43 11 50
44 96 31
45 46 17
46 88 23
47 80 34
48 93 42
49 71 22
0 56 23
1 84 48
2 92 24
3 55 32
4 82 15
5 59 22
6 43 3
7 62 40
8 6 18
9 15 21
10 61 2
11 27 22
12 32 7
13 6 43
14 11 42
15 87 27
16 70 17
17 6 44
18 62 3
19 47 16
20 95 30
21 99 17
22 74 45
23 11 50
24 76 29
25 9 41
26 88 29
27 40 17
28 41 18
29 56 16
30 33 40
31 71 41
32 51 27
33 95 28
34 62 38
35 30 7
36 30 15
37 64 41
38 87 45
39 26 54
40 25 25
41 17 11
42 43 39
43 35 31
44 11 56
45 94 23
46 75 22
47 95 35
48 25 13
49 85 25
0 96 51
1 28 8
2 47 7
3 90 39
4 41 57
5 79 58
6 99 22
7 30 28
8 20 16
9 79 4
10 74 8
11 24 19
12 67 45
13 81 57
14 91 12
15 84 46
16 12 4
17 8 25
18 72 30
19 37 14
20 45 20
21 20 20
22 33 23
23 43 23
24 73 54
25 42 20
26 76 47
27 40 39
28 14 57
29 77 3
30 53 28
31 20 13
32 45 10
33 3 33
34 31 15
35 62 29
36 61 32
37 23 1
38 45 21
39 72 13
40 34 5
41 23 28
42 95 31
43 77 14
44 75 46
45 97 8
46 62 4
47 93 52
48 2 32
49 9 56
0 68 27
1 21 17
2 28 18
3 13 52
4 69 40
5 97 34
6 11 35
7 60 30
8 95 16
9 23 55
10 12 56
11 66 43
12 75 9
13 33 27
14 80 41
15 35 22
16 48 19
17 55 38
18 57 22
19 95 41
20 95 50
21 72 47
22 67 13
23 79 44
24 15 4
25 12 2
26 43 54
27 55 8
28 31 16
29 4 47
30 95 25
31 17 43
32 13 9
33 71 43
34 90 1
35 18 13
36 59 41
37 44 36
38 87 8
39 16 58
40 48 31
41 20 4
42 59 8
43 27 3
44 41 54
45 9 47
46 53 45
47 88 15
48 95 28
49 84 32
0 21 56
1 35 41
2 70 22
3 28 30
4 40 29
5 72 27
6 14 55
7 61 23
8 89 57
9 74 13
10 78 15
11 94 23
12 14 19
13 6 43
14 42 31
15 75 40
16 95 57
17 42 16
18 4 18
19 89 6
20 48 37
21 25 14
22 28 29
23 83 43
24 50 17
25 47 23
26 96 57
27 89 26
28 28 2
29 27 26
30 61 2
31 48 58
32 59 11
33 14 24
34 4 52
35 64 3
36 77 16
37 59 45
38 21 26
39 68 15
40 55 21
41 97 5
42 55 2
43 79 40
44 8 47
45 70 56
46 63 22
47 16 11
48 6 33
49 6 5
0 72 15
1 16 14
2 81 18
3 55 9
4 53 20
5 25 57
6 39 31
7 50 19
8 80 23
9 1 33
10 94 10
11 12 25
12 87 55
13 66 19
14 68 15
15 34 46
16 32 21
17 63 29
18 93 37
19 63 12
20 28 8
21 50 1
22 49 16
23 33 29
24 5 5
25 25 27
26 96 26
27 71 47
28 93 38
29 86 3
30 78 17
31 22 16
32 92 37
33 53 57
34 91 23
35 48 1
36 76 55
37 5 19
38 63 40
39 11 41
40 44 16
41 7 49
42 64 30
43 8 33
44 43 31
45 94 9
46 20 22
47 49 17
48 86 38
49 68 22
0 93 49
1 4 9
2 11 43
3 14 28
4 95 38
5 33 13
6 37 57
7 54 28
8 94 22
9 85 58
10 16 53
11 8 40
12 96 37
13 88 31
14 63 38
15 89 3
16 11 54
17 94 56
18 5 42
19 97 36
20 96 2
21 82 21
22 89 48
23 61 31
24 8 57
25 72 43
26 84 39
27 27 21
28 82 4
29 2 40
30 64 9
31 14 55
32 72 48
33 98 54
34 6 23
35 6 51
36 85 27
37 34 44
38 90 41
39 86 51
40 20 44
41 64 37
42 53 32
43 78 23
44 9 30
45 91 33
46 60 46
47 28 25
48 65 30
49 3 55
0 33 24
1 62 31
2 84 18
3 98 37
4 17 27
5 91 16
6 35 22
7 38 29
8 11 2
9 47 46
10 53 14
11 3 10
12 58 8
13 95 24
14 48 23
15 15 54
16 87 39
17 68 15
18 46 39
19 3 22
20 6 9
21 21 46
22 21 22
23 10 5
24 80 34
25 49 55
26 98 2
27 8 44
28 45 42
29 64 31
30 97 40
31 25 11
32 2 27
33 92 1
34 37 11
35 52 18
36 75 37
37 7 33
38 9 46
39 84 38
40 20 44
41 9 23
42 14 11
43 36 54
44 84 49
45 77 57
46 47 46
47 64 54
48 46 14
49 96 50
0 66 18
1 97 42
2 68 39
3 95 40
4 2 10
5 16 37
6 28 1
7 75 12
8 84 23
9 66 43
10 67 8
11 6 26
12 58 55
13 83 56
14 33 47
15 75 28
16 37 16
17 91 27
18 90 5
19 16 27
20 33 28
21 58 14
22 82 52
23 42 3
24 9 8
25 4 7
26 73 21
27 33 55
28 82 1
29 12 57
30 84 10
31 39 39
32 58 40
33 36 48
34 20 43
35 78 50
36 91 48
37 47 43
38 73 23
39 62 15
40 94 29
41 4 30
42 96 41
43 25 46
44 86 28
45 37 54
46 81 17
47 41 43
48 8 22
49 72 42
0 41 14
1 14 15
2 97 56
3 59 28
4 55 18
5 82 25
6 88 34
7 21 3
8 59 43
9 35 57
10 31 1
11 94 54
12 73 38
13 15 5
14 98 43
15 55 22
16 61 17
17 73 36
18 76 30
19 17 41
20 90 14
21 25 22
22 57 16
23 90 18
24 66 13
25 62 43
26 28 14
27 95 51
28 39 53
29 27 58
30 28 57
31 71 28
32 40 15
33 78 17
34 31 57
35 86 55
36 58 42
37 81 55
38 8 57
39 92 28
40 17 54
41 37 58
42 67 23
43 44 55
44 95 4
45 40 31
46 77 40
47 57 20
48 68 30
49 56 14
0 14 25
1 76 43
2 12 37
3 37 41
4 10 25
5 44 13
6 99 47
7 85 39
8 85 25
9 9 6
10 67 3
11 82 24
12 97 33
13 9 17
14 70 42
15 81 55
16 93 14
17 73 27
18 18 14
19 72 32
20 20 19
21 5 29
22 83 55
23 25 43
24 30 24
25 79 57
26 47 18
27 24 8
28 98 40
29 16 13
30 14 41
31 58 10
32 65 57
33 90 41
34 46 14
35 78 44
36 45 55
37 19 5
38 20 46
39 40 21
40 32 11
41 77 51
42 40 11
43 35 8
44 63 11
45 49 16
46 33 23
47 80 44
48 49 42
49 85 38
0 91 41
1 38 6
2 85 10
3 10 37
4 51 13
5 91 56
6 88 36
7 78 54
8 88 6
9 70 39
10 36 7
11 70 46
12 10 48
13 15 25
14 78 30
15 16 5
16 65 14
17 94 45
18 43 29
19 92 4
20 10 31
21 62 3
22 74 56
23 24 5
24 34 30
25 43 28
26 85 20
27 85 56
28 94 37
29 28 6
30 27 57
31 85 19
32 59 31
33 70 28
34 96 57
35 17 43
36 35 26
37 41 56
38 48 2
39 46 54
40 11 37
41 64 9
42 26 6
43 74 48
44 16 34
45 24 57
46 34 17
47 98 47
48 17 9
49 92 46
0 41 16
1 86 40
2 87 50
3 40 13
4 38 44
5 70 22
6 28 4
7 97 28
8 90 41
9 24 39
10 15 33
11 28 4
12 11 2
13 56 28
14 97 31
15 8 1
16 45 37
17 14 21
18 47 56
19 92 38
20 59 17
21 14 56
22 9 45
23 31 42
24 61 45
25 97 44
26 90 41
27 12 6
28 13 35
29 38 51
30 89 54
31 90 51
32 73 55
33 4 8
34 92 25
35 6 5
36 63 54
37 54 29
38 62 32
39 65 58
40 3 12
41 59 29
42 91 3
43 8 33
44 68 21
45 10 36
46 1 34
47 16 1
48 77 20
49 70 54
0 64 3
1 30 1
2 84 49
3 53 13
4 51 43
5 97 2
6 26 57
7 74 48
8 50 8
9 14 33
10 8 5
11 36 21
12 18 46
13 93 2
14 9 51
15 17 37
16 83 26
17 88 44
18 16 9
19 48 22
20 54 43
21 76 40
22 28 54
23 46 46
24 28 17
25 85 37
26 11 45
27 51 15
28 3 38
29 33 9
30 92 29
31 21 3
32 34 10
33 62 42
34 48 15
35 24 16
36 45 43
37 73 15
38 89 8
39 92 15
40 93 12
41 21 13
42 65 37
43 24 21
44 12 34
45 74 29
46 41 2
47 46 23
48 36 37
49 65 30
0 32 45
1 45 44
2 51 14
3 96 4
4 3 35
5 97 52
6 64 41
7 58 43
8 91 28
9 98 41
10 3 16
11 84 2
12 76 44
13 12 45
14 32 43
15 25 3
16 37 5
17 8 52
18 97 17
19 80 32
20 15 9
21 74 48
22 12 9
23 88 43
24 66 14
25 55 42
26 36 37
27 8 15
28 47 29
29 27 37
30 89 44
31 60 18
32 35 23
33 93 21
34 90 42
35 29 2
36 54 37
37 13 25
38 97 9
39 45 8
40 50 11
41 42 23
42 85 29
43 13 18
44 80 13
45 89 37
46 37 20
47 79 38
48 5 29
49 27 58
0 53 14
1 45 38
2 10 47
3 90 21
4 88 44
5 28 24
6 8 26
7 79 44
8 29 39
9 39 57
10 69 23
11 73 46
12 87 37
13 38 48
14 42 32
15 16 21
16 28 14
17 51 31
18 3 12
19 67 21
20 96 40
21 14 20
22 39 10
23 38 31
24 19 2
25 75 42
26 38 12
27 54 21
28 90 22
29 1 40
30 84 42
31 27 57
32 69 41
33 93 56
34 18 19
35 4 29
36 78 21
37 28 45
38 55 38
39 4 5
40 5 9
41 6 5
42 40 16
43 10 44
44 71 55
45 37 47
46 82 10
47 70 29
48 25 43
49 17 40
0 97 53
1 15 25
2 37 24
3 13 23
4 95 21
5 89 27
6 90 10
7 26 31
8 3 13
9 45 54
10 31 37
11 54 56
12 6 51
13 26 20
14 48 54
15 5 32
16 4 14
17 27 17
18 73 42
19 40 53
20 58 42
21 90 52
22 40 19
23 66 58
24 89 38
25 2 36
26 45 12
27 81 11
28 44 9
29 46 56
30 75 53
31 63 22
32 22 44
33 34 19
34 15 46
35 91 29
36 40 10
37 30 19
38 94 5
39 41 21
40 74 14
41 79 5
42 93 19
43 18 27
44 33 25
45 88 36
46 77 3
47 22 3
48 60 54
49 39 45
0 35 17
1 41 1
2 74 3
3 12 37
4 61 20
5 36 40
6 67 36
7 74 55
8 88 15
9 27 42
10 74 15
11 79 29
12 42 9
13 49 21
14 85 12
15 99 56
16 10 53
17 46 20
18 21 38
19 76 57
20 94 6
21 8 53
22 78 3
23 71 23
24 19 42
25 88 49
26 58 22
27 61 44
28 74 15
29 10 38
30 56 56
31 28 31
32 49 38
33 30 58
34 92 31
35 13 2
36 49 4
37 6 11
38 41 18
39 29 39
40 19 17
41 33 31
42 18 12
43 3 24
44 3 56
45 67 43
46 93 43
47 4 47
48 87 27
49 76 23
0 12 11
1 65 32
2 62 38
3 79 14
4 12 20
5 11 22
6 7 24
7 15 42
8 45 31
9 15 40
10 78 23
11 3 49
12 35 36
13 89 25
14 73 48
15 82 31
16 87 47
17 8 16
18 9 6
19 65 9
20 37 56
21 17 21
22 42 41
23 98 29
24 5 10
25 35 2
26 49 15
27 7 54
28 89 50
29 10 6
30 69 40
31 86 3
32 90 38
33 99 20
34 48 36
35 57 21
36 59 8
37 18 4
38 39 28
39 21 2
40 6 43
41 39 54
42 12 51
43 94 43
44 78 41
45 7 6
46 60 18
47 83 31
48 57 20
49 58 22
0 21 40
1 93 18
2 13 43
3 64 44
4 12 46
5 25 55
6 98 45
7 94 24
8 19 13
9 49 2
10 41 30
11 8 53
12 36 4
13 87 31
14 49 36
15 39 3
16 65 55
17 83 6
18 67 8
19 74 44
20 80 8
21 70 15
22 12 39
23 74 20
24 65 1
25 80 43
26 94 25
27 17 39
28 46 18
29 18 11
30 23 4
31 31 20
32 88 28
33 58 12
34 68 28
35 71 38
36 40 27
37 50 17
38 87 6
39 94 3
40 89 39
41 3 58
42 8 18
43 81 6
44 88 30
45 57 54
46 80 9
47 25 47
48 63 1
49 32 15
0 2 36
1 63 28
2 8 50
3 67 38
4 30 13
5 14 14
6 12 23
7 74 38
8 31 54
9 12 6
10 93 47
11 59 19
12 33 26
13 12 39
14 21 30
15 67 56
16 48 20
17 15 21
18 8 36
19 27 45
20 2 44
21 52 37
22 28 45
23 86 6
24 50 42
25 70 40
26 65 1
27 92 52
28 96 30
29 82 22
30 59 29
31 53 29
32 21 15
33 33 21
34 74 31
35 6 26
36 81 36
37 7 57
38 79 28
39 92 30
40 29 24
41 89 40
42 27 14
43 80 15
44 78 22
45 23 8
46 20 32
47 30 7
48 53 29
49 99 12
0 47 54
1 36 17
2 79 12
3 45 40
4 44 22
5 51 55
6 26 22
7 3 43
8 6 46
9 95 18
10 58 29
11 21 40
12 66 46
13 94 43
14 33 5
15 24 20
16 34 14
17 8 4
18 5 40
19 4 5
20 74 56
21 34 8
22 81 44
23 57 12
24 8 42
25 12 10
26 19 18
27 3 18
28 71 37
29 59 12
30 1 51
31 98 30
32 79 48
33 88 4
34 55 15
35 17 14
36 69 1
37 72 2
38 71 20
39 59 12
40 68 18
41 13 51
42 9 53
43 10 28
44 43 37
45 91 19
46 7 14
47 26 14
48 98 22
49 80 17
0 5 18
1 24 41
2 3 44
3 90 26
4 65 54
5 84 30
6 39 36
7 88 33
8 9 49
9 65 36
10 19 44
11 36 42
12 63 10
13 88 37
14 27 45
15 91 43
16 60 14
17 58 11
18 64 44
19 24 56
20 80 21
21 82 26
22 84 47
23 40 37
24 68 19
25 4 47
26 33 57
27 92 31
28 12 5
29 48 42
30 83 49
31 95 43
32 79 25
33 93 37
34 86 13
35 59 41
36 79 11
37 93 12
38 35 38
39 65 3
40 88 45
41 4 25
42 19 9
43 37 56
44 23 24
45 56 55
46 30 5
47 12 2
48 57 8
49 86 50
0 35 58
1 9 49
2 19 40
3 5 46
4 12 49
5 94 2
6 73 38
7 6 46
8 78 33
9 27 7
10 84 55
11 53 45
12 4 48
13 42 42
14 16 25
15 95 23
16 86 46
17 63 57
18 15 35
19 6 28
20 81 21
21 10 23
22 93 17
23 30 29
24 74 41
25 13 42
26 20 26
27 20 45
28 3 43
29 65 55
30 22 3
31 36 43
32 36 10
33 78 42
34 22 32
35 72 1
36 42 8
37 9 35
38 89 13
39 29 4
40 63 40
41 21 8
42 72 50
43 59 55
44 98 14
45 15 39
46 55 19
47 84 4
48 32 2
49 67 18
0 63 54
1 14 22
2 61 41
3 68 13
4 63 55
5 7 46
6 47 56
7 30 42
8 82 58
9 20 6
10 39 3
11 57 22
12 26 13
13 65 13
14 79 28
15 45 9
16 21 14
17 78 35
18 63 42
19 44 23
20 54 39
21 4 46
22 54 55
23 24 54
24 80 42
25 25 29
26 10 33
27 96 25
28 82 56
29 81 35
30 75 43
31 76 50
32 38 21
33 79 48
34 33 6
35 2 17
36 8 2
37 2 23
38 74 23
39 88 1
40 89 50
41 28 26
42 47 22
43 21 4
44 88 39
45 2 52
46 97 13
47 56 15
48 95 48
49 88 19
0 37 39
1 33 30
2 49 9
3 46 57
4 17 24
5 10 15
6 70 28
7 27 21
8 11 40
9 39 25
10 51 20
11 84 25
12 78 18
13 63 41
14 91 38
15 70 43
16 80 22
17 98 39
18 45 30
19 92 45
20 88 39
21 14 43
22 98 36
23 98 25
24 3 46
25 53 17
26 19 40
27 34 22
28 27 31
29 7 31
30 90 42
31 89 35
32 35 24
33 77 51
34 63 32
35 22 14
36 34 28
37 19 4
38 84 36
39 50 11
40 73 50
41 90 19
42 79 58
43 11 30
44 70 23
45 27 2
46 62 17
47 88 46
48 12 40
49 49 12
0 38 57
1 74 43
2 93 56
3 89 35
4 83 12
5 15 9
6 76 53
7 47 15
8 76 54
9 88 46
10 71 45
11 35 37
12 80 44
13 10 35
14 71 52
15 26 20
16 76 47
17 56 21
18 51 44
19 18 45
20 80 55
21 64 2
22 91 9
23 14 17
24 74 31
25 98 31
26 40 18
27 74 49
28 92 42
29 67 1
30 87 23
31 64 41
32 37 8
33 8 42
34 89 39
35 47 39
36 78 14
37 36 55
38 94 55
39 90 9
40 25 43
41 12 7
42 89 45
43 86 30
44 46 40
45 86 3
46 85 15
47 37 30
48 35 45
49 89 22
0 36 20
1 64 41
2 54 23
3 81 48
4 81 21
5 49 57
6 17 23
7 59 39
8 7 12
9 52 29
10 81 3
11 38 57
12 78 33
13 4 10
14 93 40
15 78 15
16 77 48
17 89 55
18 97 12
19 4 9
20 87 25
21 91 18
22 93 15
23 79 36
24 76 48
25 71 57
26 66 38
27 29 26
28 9 29
29 39 26
30 38 13
31 11 49
32 53 31
33 12 36
34 57 41
35 10 16
36 16 56
37 87 28
38 24 18
39 45 29
40 92 20
41 6 21
42 82 27
43 19 55
44 6 53
45 63 11
46 18 12
47 21 7
48 38 27
49 9 22
0 23 16
1 9 17
2 16 40
3 34 30
4 89 54
5 90 54
6 6 28
7 79 32
8 49 42
9 66 21
10 73 22
11 38 56
12 13 34
13 2 18
14 5 55
15 71 39
16 3 56
17 5 53
18 35 10
19 26 16
20 43 23
21 73 52
22 22 1
23 98 15
24 44 46
25 94 54
26 64 45
27 94 22
28 96 21
29 83 16
30 53 9
31 57 37
32 10 32
33 17 13
34 46 30
35 37 47
36 17 8
37 5 22
38 80 44
39 66 13
40 9 43
41 26 12
42 61 30
43 90 20
44 96 50
45 83 27
46 63 3
47 49 46
48 88 42
49 78 31
0 78 26
1 72 29
2 77 46
3 4 26
4 88 43
5 24 37
6 72 41
7 35 31
8 73 22
9 18 7
10 52 11
11 88 30
12 95 8
13 51 7
14 7 42
15 11 38
16 46 56
17 31 14
18 69 23
19 54 42
20 72 46
21 51 31
22 37 17
23 17 19
24 62 54
25 58 29
26 98 46
27 79 18
28 88 19
29 37 31
30 33 14
31 54 44
32 62 23
33 63 23
34 79 35
35 79 10
36 42 23
37 94 19
38 98 5
39 53 45
40 35 25
41 51 15
42 25 19
43 93 31
44 50 42
45 85 26
46 88 32
47 60 39
48 42 39
49 48 58
0 42 44
1 96 29
2 98 31
3 2 4
4 14 13
5 34 46
6 36 32
7 85 2
8 87 28
9 97 16
10 95 55
11 16 7
12 7 23
13 58 20
14 75 29
15 4 1
16 4 52
17 38 55
18 97 20
19 62 56
20 55 7
21 50 9
22 3 33
23 94 25
24 27 5
25 83 18
26 37 16
27 64 38
28 98 20
29 34 18
30 67 2
31 25 9
32 38 11
33 41 55
34 90 32
35 89 22
36 19 7
37 2 28
38 75 23
39 86 35
40 74 8
41 14 41
42 79 4
43 95 30
44 39 24
45 30 55
46 72 54
47 68 39
48 21 14
49 61 37
0 85 1
1 65 19
2 81 44
3 78 34
4 11 9
5 88 49
6 29 16
7 62 22
8 38 51
9 64 36
10 89 41
11 6 53
12 89 8
13 40 53
14 94 46
15 25 3
16 29 17
17 25 55
18 25 31
19 37 5
20 78 53
21 14 39
22 30 10
23 47 18
24 15 34
25 8 34
26 75 15
27 36 29
28 52 37
29 15 28
30 53 28
31 38 38
32 96 46
33 17 16
34 95 35
35 78 18
36 58 28
37 10 51
38 34 41
39 28 21
40 87 49
41 17 24
42 74 37
43 44 20
44 90 40
45 27 26
46 67 22
47 34 58
48 55 42
49 13 56
0 82 24
1 17 1
2 80 1
3 12 34
4 63 18
5 84 35
6 99 31
7 31 55
8 33 27
9 70 12
10 17 44
11 7 57
12 72 48
13 79 35
14 14 36
15 12 26
16 47 16
17 27 27
18 13 40
19 26 58
20 83 49
21 34 31
22 91 45
23 31 28
24 97 54
25 78 28
26 37 18
27 56 39
28 11 48
29 2 24
30 68 37
31 69 16
32 97 24
33 5 58
34 60 14
35 55 8
36 88 35
37 77 44
38 42 4
39 37 24
40 66 19
41 83 48
42 53 43
43 4 12
44 28 45
45 33 42
46 50 2
47 7 6
48 35 14
49 6 5
0 80 25
1 11 6
2 34 58
3 47 14
4 6 56
5 85 16
6 76 42
7 42 16
8 43 55
9 10 32
10 73 4
11 66 55
12 71 13
13 50 28
14 70 55
15 36 25
16 35 57
17 82 52
18 91 14
19 30 22
20 47 18
21 73 32
22 89 15
23 23 25
24 95 8
25 70 23
26 38 12
27 10 29
28 7 50
29 93 44
30 13 33
31 91 18
32 51 14
33 43 56
34 57 31
35 63 11
36 57 13
37 72 37
38 85 45
39 40 9
40 73 14
41 16 14
42 20 4
43 17 24
44 26 41
45 6 58
46 79 51
47 18 4
48 84 51
49 4 27
0 18 27
1 16 31
2 51 22
3 22 5
4 42 21
5 56 30
6 72 28
7 10 55
8 19 23
9 23 41
10 64 41
11 28 20
12 74 3
13 53 56
14 70 18
15 6 56
16 79 28
17 17 29
18 5 35
19 38 38
20 4 38
21 41 46
22 71 51
23 3 6
24 47 36
25 90 57
26 16 5
27 78 50
28 61 3
29 49 18
30 68 19
31 85 50
32 38 14
33 64 42
34 38 56
35 85 35
36 85 38
37 14 24
38 7 30
39 60 23
40 23 10
41 81 36
42 27 44
43 20 32
44 89 54
45 14 6
46 25 30
47 42 43
48 3 35
49 73 9
0 35 44
1 89 36
2 79 19
3 43 2
4 49 41
5 28 56
6 34 58
7 87 9
8 37 11
9 49 22
10 98 26
11 34 30
12 94 36
13 46 40
14 63 37
15 14 31
16 30 38
17 6 38
18 75 20
19 95 13
20 22 5
21 97 53
22 64 11
23 37 49
24 37 26
25 82 6
26 45 18
27 39 20
28 6 49
29 78 54
30 42 28
31 20 37
32 49 30
33 58 11
34 62 38
35 8 36
36 25 8
37 51 1
38 44 43
39 57 39
40 91 43
41 34 14
42 6 13
43 49 21
44 45 17
45 22 13
46 82 56
47 75 56
48 61 14
49 49 39
0 65 29
1 19 17
2 71 32
3 28 40
4 84 29
5 32 2
6 65 9
7 48 46
8 70 22
9 21 1
10 64 7
11 85 15
12 93 1
13 4 1
14 77 23
15 56 38
16 10 37
17 91 54
18 62 3
19 17 22
20 15 35
21 37 10
22 40 58
23 82 11
24 77 31
25 83 16
26 67 21
27 89 49
28 94 33
29 12 57
30 64 30
31 82 7
32 30 15
33 40 7
34 38 10
35 64 9
36 41 28
37 24 18
38 90 19
39 37 52
40 31 40
41 34 24
42 88 28
43 13 40
44 4 25
45 86 54
46 77 41
47 32 5
48 10 12
49 62 8
0 81 47
1 6 10
2 67 17
3 32 46
4 11 19
5 71 48
6 21 7
7 10 5
8 6 5
9 21 3
10 79 3
11 88 36
12 89 30
13 99 38
14 40 5
15 92 40
16 91 10
17 63 32
18 74 21
19 52 28
20 65 46
21 63 23
22 96 17
23 36 18
24 18 8
25 18 42
26 78 35
27 8 13
28 32 12
29 43 45
30 47 20
31 93 22
32 78 57
33 7 1
34 29 14
35 78 38
36 80 49
37 26 40
38 63 42
39 74 17
40 60 43
41 33 9
42 9 54
43 29 16
44 75 11
45 31 57
46 79 19
47 80 19
48 93 31
49 91 4
0 12 47
1 41 21
2 30 28
3 45 8
4 69 3
5 40 36
6 12 15
7 81 38
8 83 12
9 49 45
10 79 46
11 24 54
12 50 12
13 50 9
14 30 55
15 63 45
16 91 46
17 10 9
18 81 28
19 95 55
20 32 25
21 21 35
22 91 24
23 34 20
24 74 51
25 21 35
26 54 39
27 91 32
28 88 56
29 19 35
30 56 37
31 38 9
32 64 57
33 63 8
34 34 37
35 87 22
36 20 8
37 73 52
38 70 3
39 46 18
40 48 3
41 74 50
42 78 34
43 92 15
44 64 2
45 70 29
46 11 22
47 33 12
48 40 38
49 38 53
0 79 28
1 64 7
2 5 28
3 32 54
4 91 46
5 43 42
6 20 29
7 30 28
8 79 39
9 79 47
10 31 7
11 99 18
12 75 57
13 18 25
14 58 45
15 10 36
16 90 47
17 22 54
18 79 51
19 4 15
20 11 35
21 57 55
22 12 8
23 53 31
24 22 31
25 91 28
26 40 5
27 51 56
28 75 4
29 36 7
30 40 13
31 56 30
32 49 13
33 24 4
34 58 46
35 32 21
36 89 10
37 60 19
38 89 52
39 3 47
40 81 11
41 67 20
42 98 9
43 88 29
44 90 10
45 55 18
46 53 29
47 88 58
48 4 34
49 42 22
0 91 15
1 60 31
2 88 39
3 85 41
4 57 8
5 93 14
6 86 33
7 22 12
8 17 31
9 33 1
10 56 17
11 23 8
12 87 31
13 97 49
14 19 12
15 29 21
16 66 14
17 59 21
18 21 5
19 20 28
20 74 32
21 14 36
22 3 12
23 30 5
24 57 28
25 70 20
26 44 22
27 10 1
28 17 41
29 13 58
30 51 22
31 95 18
32 72 31
33 88 6
34 33 3
35 5 38
36 25 39
37 89 58
38 4 14
39 9 34
40 23 58
41 8 51
42 64 41
43 83 54
44 97 42
45 73 17
46 4 37
47 95 19
48 25 2
49 37 41
0 33 46
1 3 33
2 39 40
3 92 2
4 61 2
5 65 12
6 73 42
7 6 23
8 71 13
9 97 25
10 11 43
11 43 57
12 4 43
13 54 39
14 37 23
15 96 11
16 84 40
17 79 6
18 53 29
19 12 55
20 34 3
21 74 29
22 53 46
23 92 9
24 30 44
25 84 54
26 73 44
27 95 23
28 80 15
29 96 45
30 54 29
31 15 25
32 72 43
33 50 13
34 97 27
35 31 44
36 68 43
37 88 32
38 11 31
39 68 57
40 76 2
41 3 18
42 64 17
43 15 10
44 12 20
45 21 40
46 16 39
47 26 4
48 38 10
49 82 13
0 89 20
1 25 13
2 82 5
3 17 30
4 2 19
5 37 50
6 32 25
7 71 8
8 16 38
9 32 5
10 28 17
11 11 10
12 40 29
13 96 3
14 73 41
15 72 20
16 65 12
17 39 48
18 81 55
19 80 7
20 18 11
21 13 18
22 67 23
23 36 26
24 65 27
25 75 8
26 30 10
27 34 10
28 4 12
29 38 18
30 32 42
31 79 54
32 48 30
33 2 46
34 84 25
35 23 14
36 82 3
37 51 16
38 20 42
39 85 40
40 5 19
41 16 2
42 21 13
43 21 14
44 92 25
45 89 18
46 13 33
47 42 58
48 58 10
49 96 51
0 10 6
1 21 19
2 39 12
3 75 51
4 96 45
5 57 39
6 41 1
7 78 56
8 18 12
9 12 31
10 8 37
11 79 55
12 31 27
13 98 11
14 6 7
15 86 55
16 50 44
17 70 10
18 10 31
19 20 29
20 86 13
21 86 15
22 10 54
23 99 24
24 22 27
25 75 20
26 43 7
27 82 24
28 79 40
29 4 15
30 47 18
31 18 45
32 16 56
33 41 28
34 85 39
35 22 42
36 54 30
37 81 3
38 15 4
39 79 6
40 90 34
41 14 41
42 35 22
43 16 4
44 44 15
45 89 28
46 24 20
47 46 21
48 26 38
49 7 16
0 96 53
1 39 51
2 11 29
3 7 10
4 65 39
5 85 21
6 83 50
7 26 44
8 8 45
9 6 32
10 29 3
11 5 26
12 19 42
13 96 21
14 23 19
15 45 23
16 60 8
17 56 14
18 20 46
19 27 31
20 52 18
21 93 23
22 51 36
23 98 40
24 87 48
25 50 14
26 29 13
27 67 32
28 33 36
29 76 14
30 88 12
31 89 51
32 86 27
33 25 41
34 21 3
35 99 10
36 6 25
37 89 16
38 75 18
39 25 15
40 84 48
41 39 41
42 26 5
43 81 33
44 92 6
45 46 22
46 11 20
47 26 13
48 87 58
49 29 11
0 26 8
1 40 18
2 19 56
3 64 8
4 20 21
5 15 10
6 56 20
7 8 56
8 23 6
9 44 19
10 38 11
11 31 17
12 27 14
13 4 2
14 6 1
15 29 36
16 82 11
17 13 46
18 37 53
19 91 27
20 37 5
21 80 7
22 5 13
23 33 29
24 91 40
25 60 17
26 53 17
27 60 23
28 88 51
29 41 16
30 84 56
31 11 20
32 79 34
33 3 54
34 37 27
35 91 19
36 22 24
37 86 12
38 98 17
39 99 30
40 30 30
41 72 46
42 48 46
43 37 8
44 92 48
45 30 12
46 60 8
47 28 21
48 22 2
49 75 21
0 99 14
1 28 27
2 81 27
3 52 45
4 18 20
5 33 30
6 15 6
7 7 37
8 67 18
9 22 19
10 49 54
11 51 16
12 84 4
13 2 51
14 26 31
15 60 31
16 34 13
17 42 58
18 57 42
19 87 50
20 42 29
21 47 38
22 62 40
23 41 40
24 66 44
25 8 54
26 27 16
27 81 53
28 35 17
29 38 38
30 37 37
31 47 29
32 24 28
33 70 7
34 71 39
35 58 47
36 7 1
37 50 8
38 28 27
39 73 19
40 95 26
41 76 22
42 18 56
43 96 53
44 97 16
45 42 29
46 21 24
47 72 48
48 83 28
49 36 30
0 66 41
1 78 21
2 38 31
3 34 44
4 98 24
5 85 19
6 40 39
7 42 40
8 92 33
9 30 19
10 62 20
11 60 13
12 81 13
13 38 12
14 30 40
15 92 51
16 19 2
17 10 4
18 61 1
19 66 29
20 66 43
21 82 47
22 18 15
23 38 41
24 32 41
25 33 30
26 16 14
27 82 30
28 30 42
29 2 5
30 92 24
31 4 25
32 87 25
33 31 58
34 19 14
35 76 52
36 8 39
37 6 16
38 92 56
39 10 37
40 27 56
41 46 38
42 25 13
43 25 10
44 82 50
45 8 16
46 95 3
47 26 54
48 9 20
49 12 23
0 63 44
1 84 27
2 28 15
3 80 2
4 25 11
5 72 19
6 14 31
7 9 43
8 88 50
9 4 17
10 86 48
11 38 38
12 33 7
13 3 38
14 68 38
15 50 40
16 60 30
17 10 40
18 28 19
19 9 49
20 5 19
21 54 17
22 53 29
23 35 31
24 18 25
25 35 43
26 4 47
27 73 49
28 56 38
29 42 31
30 20 37
31 82 23
32 88 2
33 95 53
34 36 26
35 73 32
36 8 35
37 50 21
38 63 19
39 8 47
40 45 3
41 52 11
42 60 28
43 87 29
44 27 13
45 83 29
46 51 13
47 76 42
48 7 14
49 59 54
0 50 57
1 20 31
2 33 12
3 84 48
4 29 28
5 76 38
6 18 35
7 51 40
8 90 51
9 20 36
10 84 15
11 49 29
12 4 3
13 74 16
14 68 44
15 39 49
16 6 12
17 42 21
18 96 35
19 4 30
20 7 13
21 3 1
22 87 5
23 20 41
24 82 53
25 2 16
26 27 14
27 74 27
28 25 22
29 14 46
30 14 21
31 74 20
32 15 21
33 90 33
34 83 13
35 17 14
36 18 34
37 97 11
38 77 55
39 25 27
40 33 44
41 18 11
42 73 58
43 95 12
44 27 45
45 14 8
46 49 3
47 48 1
48 57 29
49 6 2
0 73 53
1 11 41
2 59 22
3 34 57
4 71 45
5 23 16
6 35 15
7 52 22
8 16 43
9 50 1
10 85 13
11 98 9
12 51 42
13 74 57
14 32 41
15 68 55
16 23 13
17 40 39
18 58 7
19 37 9
20 39 10
21 69 15
22 20 39
23 91 29
24 10 25
25 75 49
26 7 37
27 37 50
28 14 14
29 87 9
30 87 52
31 71 8
32 57 14
33 65 16
34 27 26
35 82 22
36 79 55
37 35 5
38 73 44
39 91 39
40 16 5
41 41 1
42 11 11
43 8 45
44 68 19
45 69 54
46 2 7
47 77 31
48 87 34
49 19 33
0 18 3
1 40 8
2 88 48
3 16 7
4 20 37
5 32 17
6 48 18
7 79 37
8 17 11
9 70 30
10 17 10
11 88 23
12 71 2
13 36 22
14 9 4
15 7 27
16 55 9
17 26 58
18 46 31
19 85 55
20 18 38
21 56 37
22 79 18
23 81 13
24 19 45
25 85 37
26 90 27
27 50 54
28 19 31
29 78 25
30 35 29
31 10 57
32 62 32
33 39 41
34 53 23
35 37 32
36 13 2
37 52 42
38 20 13
39 17 31
40 91 17
41 94 42
42 26 57
43 63 18
44 79 28
45 71 3
46 81 9
47 9 37
48 95 2
49 89 40
0 6 32
1 69 3
2 11 40
3 4 52
4 20 15
5 19 28
6 2 53
7 55 42
8 40 44
9 6 46
10 81 11
11 47 37
12 14 44
13 94 7
14 89 20
15 41 32
16 52 39
17 3 21
18 62 18
19 8 15
20 38 55
21 46 57
22 76 58
23 63 54
24 98 37
25 56 28
26 88 17
27 41 44
28 69 8
29 84 18
30 30 28
31 3 4
32 79 42
33 1 30
34 23 18
35 64 58
36 18 3
37 52 13
38 32 5
39 4 11
40 42 2
41 98 36
42 58 47
43 86 11
44 38 41
45 14 12
46 69 43
47 14 22
48 44 55
49 8 24
0 12 2
1 36 14
2 32 22
3 87 1
4 8 8
5 32 3
6 8 48
7 76 45
8 96 12
9 62 57
10 26 7
11 73 39
12 55 3
13 94 13
14 88 33
15 77 21
16 98 31
17 21 58
18 7 56
19 63 37
20 63 11
21 3 19
22 28 15
23 91 1
24 86 52
25 26 58
26 15 32
27 29 1
28 37 42
29 58 29
30 17 24
31 42 43
32 42 42
33 82 47
34 73 9
35 66 14
36 70 14
37 98 58
38 40 2
39 95 23
40 61 57
41 74 28
42 39 26
43 69 21
44 30 40
45 72 3
46 37 7
47 27 36
48 47 22
49 98 23
0 55 15
1 96 32
2 24 8
3 90 51
4 20 32
5 96 1
6 54 14
7 77 29
8 26 2
9 83 57
10 35 1
11 31 46
12 70 7
13 55 42
14 69 1
15 64 14
16 10 57
17 41 15
18 85 34
19 3 20
20 29 2
21 69 54
22 86 49
23 73 49
24 39 17
25 7 54
26 73 16
27 70 43
28 15 30
29 56 38
30 53 11
31 90 10
32 38 14
33 54 38
34 16 3
35 40 11
36 51 39
37 59 37
38 92 39
39 32 4
40 98 57
41 17 40
42 38 51
43 86 6
44 29 45
45 79 52
46 32 39
47 56 9
48 46 28
49 50 16
0 89 49
1 37 53
2 18 12
3 38 5
4 3 42
5 38 49
6 42 58
7 65 1
8 19 36
9 31 54
10 22 39
11 37 10
12 27 24
13 15 16
14 80 12
15 4 48
16 36 24
17 73 50
18 74 28
19 80 28
20 91 17
21 88 26
22 64 31
23 28 30
24 25 54
25 74 20
26 42 23
27 13 57
28 78 49
29 61 16
30 61 15
31 97 41
32 24 10
33 69 45
34 82 45
35 3 54
36 19 38
37 17 10
38 22 16
39 91 38
40 61 24
41 44 56
42 11 11
43 12 50
44 72 13
45 43 21
46 23 41
47 61 2
48 7 35
49 69 12
0 91 50
1 8 52
2 58 2
3 59 23
4 40 23
5 37 17
6 44 8
7 24 12
8 48 16
9 41 20
10 29 26
11 28 29
12 94 4
13 37 57
14 78 18
15 26 14
16 91 15
17 52 20
18 4 22
19 31 30
20 98 20
21 4 46
22 74 28
23 10 30
24 28 39
25 96 5
26 26 16
27 40 43
28 31 26
29 96 50
30 8 18
31 36 18
32 3 8
33 64 19
34 12 7
35 79 53
36 38 37
37 9 33
38 30 6
39 86 54
40 48 55
41 88 54
42 85 44
43 35 1
44 78 15
45 30 26
46 60 14
47 87 29
48 35 10
49 55 58
0 19 3
1 80 30
2 58 45
3 92 30
4 43 23
5 94 48
6 70 57
7 6 39
8 93 35
9 81 44
10 28 54
11 44 17
12 90 27
13 78 3
14 45 36
15 76 32
16 64 55
17 38 37
18 3 10
19 76 21
20 81 53
21 37 7
22 65 17
23 19 2
24 96 26
25 61 30
26 56 28
27 77 40
28 48 3
29 91 2
30 7 3
31 15 26
32 72 30
33 3 49
34 33 58
35 89 19
36 8 4
37 57 19
38 95 2
39 96 3
40 88 8
41 77 17
42 40 18
43 10 34
44 55 19
45 40 18
46 79 30
47 11 37
48 33 18
49 18 3
0 87 2
1 11 12
2 73 9
3 43 38
4 30 14
5 68 36
6 59 32
7 6 5
8 20 39
9 27 36
10 66 7
11 67 41
12 94 6
13 95 1
14 48 56
15 79 25
16 84 19
17 62 21
18 74 9
19 50 40
20 51 44
21 15 36
22 50 58
23 15 7
24 97 32
25 86 40
26 23 44
27 87 7
28 70 19
29 18 5
30 26 9
31 25 40
32 65 16
33 16 38
34 56 21
35 74 51
36 39 37
37 36 56
38 97 18
39 15 39
40 18 55
41 39 44
42 96 44
43 19 21
44 35 44
45 38 5
46 16 12
47 34 27
48 29 25
49 21 39
0 21 30
1 22 14
2 98 17
3 75 53
4 92 39
5 6 51
6 94 56
7 12 26
8 47 19
9 65 17
10 52 30
11 9 49
12 69 20
13 52 11
14 33 29
15 5 41
16 75 4
17 27 30
18 52 3
19 73 21
20 55 13
21 23 19
22 86 30
23 21 57
24 32 41
25 5 18
26 71 23
27 79 16
28 27 9
29 3 50
30 2 56
31 63 3
32 26 25
33 90 36
34 61 18
35 5 28
36 88 28
37 57 16
38 3 56
39 31 12
40 40 31
41 2 49
42 43 3
43 30 54
44 18 3
45 49 55
46 47 58
47 20 26
48 90 26
49 52 22
0 35 12
1 70 2
2 38 42
3 62 41
4 44 21
5 46 46
6 76 22
7 53 44
8 20 6
9 66 30
10 24 38
11 79 22
12 5 56
13 14 27
14 72 2
15 64 15
16 38 57
17 88 52
18 39 30
19 92 17
20 30 5
21 21 25
22 69 9
23 70 9
24 10 41
25 58 11
26 15 5
27 18 5
28 22 37
29 84 54
30 27 27
31 94 47
32 55 55
33 40 13
34 37 31
35 97 18
36 22 22
37 86 18
38 62 7
39 93 48
40 28 14
41 73 8
42 22 15
43 83 11
44 15 34
45 83 37
46 84 45
47 74 55
48 1 30
49 6 19
0 89 13
1 18 57
2 93 9
3 85 20
4 83 7
5 86 49
6 16 54
7 13 31
8 40 55
9 91 54
10 7 25
11 38 44
12 57 7
13 26 43
14 14 20
15 35 39
16 21 4
17 73 43
18 76 20
19 46 30
20 68 57
21 98 33
22 93 37
23 88 14
24 70 43
25 11 34
26 29 14
27 37 32
28 85 29
29 12 8
30 16 16
31 42 7
32 22 7
33 45 23
34 4 26
35 45 13
36 22 37
37 54 41
38 36 8
39 4 33
40 8 37
41 2 32
42 90 42
43 96 42
44 6 19
45 8 6
46 77 44
47 21 43
48 11 13
49 27 9
0 45 16
1 27 12
2 34 41
3 92 17
4 42 44
5 78 49
6 86 52
7 69 2
8 80 24
9 82 43
10 8 10
11 40 5
12 92 50
13 88 16
14 13 28
15 10 39
16 6 47
17 26 8
18 88 23
19 8 56
20 10 5
21 95 3
22 81 54
23 83 45
24 12 10
25 10 34
26 7 15
27 19 56
28 24 40
29 21 27
30 18 25
31 92 57
32 99 39
33 79 11
34 86 16
35 23 27
36 46 3
37 82 29
38 94 28
39 74 47
40 47 16
41 39 2
42 26 54
43 25 9
44 18 37
45 9 43
46 63 46
47 99 28
48 81 53
49 3 35
0 77 45
1 9 19
2 96 2
3 24 41
4 66 28
5 84 12
6 89 38
7 89 43
8 28 28
9 3 21
10 91 15
11 73 56
12 46 41
13 92 55
14 94 9
15 28 19
16 89 43
17 18 30
18 73 48
19 57 36
20 79 42
21 91 8
22 95 37
23 90 38
24 21 37
25 77 16
26 55 44
27 40 46
28 67 8
29 33 3
30 30 24
31 30 55
32 41 21
33 38 26
34 42 1
35 38 51
36 73 1
37 86 3
38 71 1
39 2 29
40 87 23
41 53 36
42 88 26
43 49 28
44 86 53
45 45 56
46 93 46
47 89 38
48 74 50
49 23 39
0 13 16
1 3 36
2 93 11
3 62 16
4 48 37
5 73 45
6 58 30
7 65 23
8 69 58
9 80 2
10 88 25
11 18 24
12 64 19
13 81 12
14 56 15
15 65 40
16 14 23
17 21 36
18 93 42
19 83 24
20 91 9
21 47 29
22 39 3
23 49 57
24 95 1
25 93 18
26 48 17
27 94 47
28 84 56
29 55 29
30 94 29
31 6 14
32 13 28
33 22 4
34 4 48
35 97 8
36 73 50
37 80 43
38 13 53
39 6 50
40 61 44
41 59 40
42 73 38
43 56 8
44 12 53
45 84 16
46 24 46
47 29 39
48 2 53
49 64 56
0 58 8
1 61 22
2 26 26
3 27 30
4 48 41
5 77 47
6 38 46
7 4 21
8 67 39
9 21 9
10 97 53
11 19 31
12 90 42
13 76 42
14 57 36
15 83 33
16 66 14
17 40 48
18 55 19
19 21 7
20 7 5
21 90 28
22 92 12
23 20 6
24 35 36
25 35 6
26 42 21
27 14 46
28 56 44
29 39 36
30 74 8
31 26 15
32 54 21
33 2 33
34 87 9
35 11 27
36 91 44
37 17 19
38 37 13
39 35 26
40 92 48
41 13 26
42 15 21
43 20 33
44 36 13
45 28 20
46 96 30
47 56 23
48 68 13
49 7 51
0 7 54
1 55 37
2 43 21
3 24 6
4 32 42
5 33 20
6 7 30
7 9 27
8 20 30
9 35 39
10 65 7
11 68 38
12 16 17
13 35 48
14 87 34
15 3 24
16 96 39
17 38 21
18 31 9
19 80 52
20 38 12
21 85 20
22 44 20
23 86 32
24 36 55
25 62 31
26 34 55
27 89 27
28 39 58
29 43 28
30 44 40
31 97 15
32 49 9
33 39 25
34 5 19
35 2 52
36 35 10
37 92 52
38 3 20
39 35 39
40 46 31
41 42 46
42 40 40
43 87 48
44 91 2
45 7 17
46 11 38
47 61 40
48 35 2
49 50 9
0 88 34
1 91 14
2 19 28
3 94 18
4 84 10
5 26 45
6 90 50
7 5 25
8 30 37
9 86 13
10 96 56
11 69 19
12 4 27
13 97 25
14 90 9
15 81 11
16 23 19
17 33 18
18 90 4
19 16 3
20 23 20
21 56 36
22 17 14
23 81 4
24 90 46
25 6 15
26 86 20
27 84 27
28 49 18
29 18 43
30 69 58
31 1 16
32 4 57
33 87 28
34 93 34
35 28 9
36 94 17
37 61 46
38 13 33
39 27 54
40 31 3
41 9 53
42 85 36
43 38 51
44 6 20
45 21 43
46 50 3
47 20 3
48 30 24
49 13 7
0 36 6
1 66 45
2 9 6
3 38 39
4 85 49
5 99 16
6 96 17
7 10 32
8 8 8
9 82 36
10 6 18
11 11 7
12 84 54
13 97 38
14 86 57
15 81 49
16 33 10
17 81 15
18 32 39
19 27 8
20 79 30
21 19 6
22 58 2
23 21 29
24 8 57
25 88 42
26 23 17
27 56 2
28 73 44
29 22 6
30 72 29
31 64 14
32 9 52
33 98 56
34 4 54
35 74 7
36 13 34
37 16 13
38 73 3
39 3 41
40 94 13
41 77 20
42 69 12
43 14 27
44 31 22
45 43 9
46 46 19
47 54 31
48 85 43
49 77 2
0 55 39
1 38 38
2 66 7
3 31 4
4 52 12
5 4 25
6 24 45
7 39 48
8 10 47
9 53 55
10 74 56
11 57 19
12 23 10
13 60 47
14 47 38
15 2 25
16 8 17
17 2 15
18 63 2
19 79 20
20 2 19
21 3 35
22 6 5
23 46 30
24 1 4
25 37 26
26 76 39
27 14 22
28 9 22
29 18 46
30 83 44
31 36 4
32 39 28
33 35 15
34 9 28
35 95 39
36 29 4
37 4 38
38 32 29
39 87 54
40 15 33
41 81 26
42 36 36
43 69 8
44 39 38
45 38 37
46 90 55
47 47 57
48 87 53
49 54 57
0 17 39
1 40 14
2 3 55
3 73 42
4 61 8
5 69 1
6 69 13
7 35 46
8 75 43
9 90 35
10 53 37
11 16 54
12 15 2
13 37 7
14 22 30
15 23 30
16 55 9
17 15 34
18 44 11
19 73 39
20 90 28
21 22 8
22 33 9
23 81 27
24 45 15
25 7 10
26 80 7
27 8 31
28 7 8
29 91 21
30 7 51
31 21 45
32 25 57
33 35 45
34 44 54
35 97 7
36 5 46
37 94 8
38 71 16
39 36 56
40 57 7
41 79 16
42 85 49
43 29 28
44 51 42
45 52 21
46 5 22
47 70 54
48 75 57
49 5 55
0 25 32
1 71 48
2 7 4
3 84 5
4 1 18
5 56 39
6 18 15
7 98 24
8 47 14
9 27 42
10 30 45
11 33 27
12 86 54
13 54 43
14 70 16
15 28 46
16 92 14
17 37 6
18 21 57
19 79 29
20 10 3
21 14 23
22 77 44
23 15 15
24 17 17
25 5 30
26 3 37
27 56 39
28 53 23
29 33 57
30 18 35
31 52 21
32 69 46
33 37 3
34 21 25
35 44 29
36 12 5
37 21 4
38 63 55
39 84 39
40 32 45
41 11 6
42 90 9
43 73 41
44 62 14
45 89 23
46 29 31
47 35 25
48 13 52
49 11 51
0 45 56
1 22 17
2 26 38
3 99 7
4 53 30
5 43 56
6 97 36
7 11 30
8 98 36
9 7 23
10 43 30
11 21 34
12 96 44
13 93 20
14 7 58
15 21 34
16 6 49
17 11 24
18 23 38
19 88 10
20 80 7
21 29 26
22 13 36
23 7 36
24 10 30
25 93 48
26 51 22
27 24 5
28 6 38
29 10 16
30 14 18
31 5 57
32 23 55
33 40 58
34 80 5
35 16 27
36 82 55
37 18 4
38 39 21
39 37 54
40 73 47
41 3 54
42 85 51
43 29 36
44 85 36
45 65 14
46 10 32
47 7 48
48 10 39
49 71 14
0 71 1
1 29 9
2 79 3
3 39 58
4 70 8
5 63 56
6 19 13
7 90 29
8 99 2
9 8 50
10 50 10
11 69 41
12 54 13
13 93 6
14 34 40
15 94 38
16 43 55
17 80 58
18 84 5
19 80 18
20 71 16
21 17 54
22 84 32
23 7 9
24 98 54
25 79 13
26 35 43
27 65 28
28 21 3
29 95 44
30 10 5
31 45 23
32 56 55
33 61 28
34 75 44
35 29 22
36 85 24
37 38 58
38 40 55
39 95 46
40 78 13
41 5 6
42 82 30
43 73 44
44 77 31
45 19 34
46 94 24
47 20 27
48 9 33
49 35 29
0 11 9
1 9 49
2 93 24
3 77 42
4 79 21
5 30 19
6 24 17
7 30 8
8 64 12
9 44 20
10 11 54
11 75 16
12 46 9
13 96 13
14 40 8
15 59 55
16 84 36
17 33 31
18 50 16
19 7 30
20 16 42
21 12 49
22 89 58
23 67 16
24 72 37
25 66 30
26 22 14
27 16 6
28 40 21
29 99 46
30 16 57
31 32 30
32 50 39
33 45 22
34 51 36
35 31 4
36 44 7
37 75 54
38 35 11
39 35 17
40 11 37
41 21 26
42 4 55
43 18 9
44 62 38
45 12 4
46 79 24
47 13 16
48 19 57
49 9 41
0 95 11
1 90 6
2 2 55
3 80 10
4 61 42
5 16 33
6 20 3
7 54 57
8 79 38
9 58 23
10 54 44
11 49 58
12 64 18
13 59 47
14 93 22
15 17 55
16 35 52
17 37 50
18 63 13
19 13 24
20 61 30
21 2 48
22 88 16
23 63 27
24 57 20
25 53 55
26 79 53
27 54 44
28 37 31
29 21 15
30 86 50
31 76 42
32 94 19
33 54 45
34 79 15
35 25 24
36 91 42
37 98 17
38 36 22
39 18 44
40 6 6
41 70 12
42 66 44
43 14 22
44 51 2
45 35 30
46 6 40
47 96 16
48 69 22
49 67 54
0 26 5
1 51 55
2 87 8
3 66 20
4 85 44
5 79 48
6 11 37
7 87 3
8 79 37
9 58 12
10 97 38
11 5 50
12 29 17
13 48 20
14 98 3
15 27 30
16 68 44
17 81 44
18 29 13
19 33 12
20 81 31
21 49 17
22 96 42
23 30 19
24 39 4
25 70 9
26 7 50
27 75 43
28 81 44
29 44 37
30 96 3
31 91 50
32 75 32
33 47 30
34 1 32
35 89 41
36 54 22
37 20 13
38 23 43
39 35 2
40 21 23
41 75 44
42 79 15
43 64 40
44 55 8
45 78 17
46 85 36
47 93 54
48 21 25
49 94 11
0 28 26
1 17 1
2 36 47
3 68 13
4 18 40
5 35 54
6 91 41
7 2 32
8 63 3
9 91 28
10 1 32
11 20 25
12 68 41
13 50 29
14 80 57
15 8 17
16 72 14
17 35 21
18 19 29
19 43 20
20 62 43
21 59 54
22 62 8
23 42 2
24 99 58
25 45 15
26 12 39
27 41 56
28 67 9
29 64 8
30 57 9
31 28 36
32 67 8
33 15 19
34 93 12
35 83 12
36 49 15
37 82 53
38 47 8
39 3 38
40 15 43
41 28 39
42 20 6
43 22 27
44 24 12
45 16 24
46 47 44
47 25 23
48 26 45
49 47 17
0 69 8
1 68 31
2 77 32
3 79 15
4 83 56
5 51 55
6 42 28
7 94 36
8 46 15
9 52 1
10 32 42
11 25 21
12 35 58
13 22 14
14 15 41
15 21 11
16 54 23
17 78 20
18 5 24
19 83 31
20 37 20
21 83 12
22 93 14
23 46 46
24 17 39
25 14 24
26 2 15
27 19 46
28 93 13
29 78 23
30 36 7
31 30 19
32 68 58
33 17 3
34 22 34
35 52 55
36 22 19
37 10 25
38 3 55
39 87 33
40 65 46
41 23 39
42 83 19
43 1 45
44 98 16
45 60 4
46 14 19
47 80 40
48 31 43
49 58 9
0 86 35
1 42 28
2 33 40
3 91 47
4 69 18
5 18 20
6 84 37
7 61 55
8 10 31
9 37 13
10 40 20
11 48 2
12 58 31
13 9 19
14 80 5
15 59 29
16 50 37
17 76 44
18 55 18
19 33 32
20 43 20
21 19 8
22 94 35
23 57 40
24 76 17
25 95 50
26 36 8
27 81 58
28 73 55
29 65 15
30 23 28
31 3 30
32 40 42
33 11 12
34 46 42
35 47 23
36 50 54
37 91 42
38 9 20
39 36 26
40 66 55
41 54 40
42 8 28
43 25 28
44 48 23
45 45 55
46 37 20
47 53 23
48 98 40
49 29 39
0 59 20
1 87 4
2 81 11
3 89 56
4 28 8
5 39 47
6 83 11
7 63 14
8 7 47
9 22 7
10 81 48
11 58 19
12 20 1
13 20 34
14 82 52
15 58 42
16 45 21
17 39 45
18 9 26
19 35 41
20 80 16
21 18 22
22 32 45
23 6 43
24 17 16
25 6 13
26 49 39
27 89 37
28 27 58
29 32 42
30 73 39
31 85 20
32 89 46
33 9 49
34 66 38
35 30 17
36 40 40
37 84 48
38 78 53
39 94 53
40 38 19
41 16 42
42 91 34
43 56 19
44 83 40
45 84 28
46 44 24
47 3 5
48 95 38
49 83 53
0 38 45
1 77 54
2 43 38
3 26 56
4 36 3
5 15 17
6 78 30
7 27 5
8 59 17
9 6 30
10 65 46
11 34 56
12 3 52
13 12 1
14 23 11
15 59 31
16 41 18
17 76 14
18 71 43
19 3 12
20 13 28
21 11 6
22 28 56
23 17 7
24 65 23
25 27 37
26 64 56
27 22 13
28 38 6
29 82 35
30 9 7
31 23 15
32 10 51
33 7 9
34 4 13
35 29 54
36 42 45
37 64 42
38 68 58
39 10 6
40 21 37
41 93 12
42 87 23
43 86 52
44 98 12
45 48 56
46 18 45
47 59 29
48 94 31
49 70 32
0 86 5
1 8 4
2 53 2
3 81 2
4 85 30
5 11 46
6 64 2
7 88 27
8 14 2
9 66 27
10 85 24
11 25 29
12 52 41
13 37 18
14 78 38
15 53 55
16 5 34
17 91 25
18 50 2
19 78 56
20 71 53
21 26 2
22 11 9
23 64 18
24 13 54
25 20 41
26 4 36
27 93 41
28 86 33
29 36 11
30 72 37
31 43 38
32 88 14
33 26 39
34 80 3
35 64 8
36 20 28
37 97 24
38 69 57
39 33 29
40 85 54
41 14 22
42 56 2
43 89 37
44 81 5
45 89 3
46 97 54
47 95 39
48 93 49
49 3 18
0 74 37
1 53 8
2 27 19
3 41 44
4 52 44
5 85 36
6 79 28
7 19 23
8 13 39
9 28 24
10 82 33
11 49 19
12 27 6
13 85 12
14 29 20
15 46 8
16 27 18
17 42 13
18 22 54
19 86 37
20 98 42
21 5 46
22 2 3
23 99 8
24 49 46
25 17 28
26 46 30
27 77 42
28 32 10
29 84 43
30 3 22
31 69 44
32 95 50
33 90 42
34 65 55
35 34 38
36 19 40
37 18 44
38 39 4
39 26 22
40 26 14
41 46 2
42 15 5
43 60 39
44 52 13
45 82 25
46 9 11
47 3 53
48 53 38
49 81 6
0 86 54
1 80 43
2 70 54
3 41 18
4 19 15
5 14 6
6 74 45
7 81 44
8 24 12
9 70 56
10 48 30
11 88 34
12 71 7
13 4 44
14 28 40
15 13 22
16 98 24
17 47 22
18 16 12
19 12 49
20 12 45
21 43 44
22 79 51
23 5 51
24 24 26
25 39 25
26 64 39
27 50 37
28 76 40
29 82 20
30 50 42
31 89 36
32 38 27
33 40 1
34 33 54
35 17 41
36 24 26
37 60 41
38 37 29
39 78 38
40 32 3
41 39 23
42 57 15
43 69 9
44 57 12
45 91 55
46 32 54
47 34 58
48 6 40
49 39 7
0 36 47
1 90 50
2 10 53
3 23 41
4 27 7
5 12 41
6 52 10
7 94 45
8 77 20
9 87 51
10 52 29
11 20 26
12 8 48
13 88 57
14 78 46
15 22 43
16 24 4
17 48 17
18 91 48
19 27 56
20 81 18
21 98 52
22 64 20
23 57 31
24 94 22
25 99 54
26 39 50
27 28 18
28 34 53
29 8 55
30 79 44
31 27 42
32 4 45
33 39 3
34 35 46
35 34 53
36 55 8
37 75 58
38 21 40
39 55 28
40 75 14
41 33 31
42 76 18
43 25 25
44 94 54
45 30 29
46 68 13
47 11 57
48 21 10
49 78 23
0 37 54
1 50 27
2 85 39
3 90 37
4 60 22
5 39 5
6 72 31
7 82 16
8 6 43
9 77 46
10 64 12
11 38 54
12 70 31
13 46 20
14 31 18
15 86 22
16 79 15
17 36 25
18 67 42
19 60 18
20 18 18
21 83 19
22 72 50
23 31 36
24 40 44
25 38 9
26 15 28
27 36 20
28 42 7
29 80 38
30 53 44
31 8 2
32 85 28
33 33 25
34 97 39
35 38 53
36 40 52
37 4 33
38 7 10
39 36 1
40 83 22
41 86 41
42 27 16
43 30 19
44 82 4
45 90 33
46 34 5
47 44 39
48 81 2
49 87 12
0 59 20
1 98 19
2 21 30
3 94 34
4 84 18
5 34 39
6 58 42
7 17 45
8 25 22
9 83 47
10 52 46
11 8 10
12 57 14
13 21 18
14 74 57
15 11 16
16 88 32
17 9 14
18 90 49
19 47 42
20 82 34
21 31 36
22 8 46
23 98 50
24 61 56
25 38 15
26 3 25
27 69 2
28 36 17
29 93 47
30 8 33
31 32 38
32 31 11
33 55 27
34 59 15
35 93 49
36 21 9
37 38 19
38 37 2
39 14 30
40 7 30
41 72 49
42 36 4
43 81 44
44 82 30
45 92 23
46 90 3
47 82 8
48 38 37
49 2 15
0 32 14
1 36 14
2 77 52
3 82 22
4 26 27
5 24 12
6 13 2
7 3 54
8 84 34
9 48 18
10 90 43
11 81 11
12 35 19
13 35 17
14 20 38
15 85 55
16 50 9
17 63 10
18 24 16
19 70 11
20 2 4
21 48 46
22 79 22
23 70 28
24 95 35
25 37 17
26 83 54
27 76 1
28 69 44
29 75 55
30 67 37
31 91 1
32 82 30
33 79 29
34 67 44
35 50 58
36 8 6
37 78 44
38 7 16
39 4 39
40 38 7
41 49 22
42 8 14
43 22 24
44 21 39
45 11 52
46 47 21
47 80 12
48 25 23
49 62 1
0 37 42
1 75 28
2 11 46
3 56 28
4 98 20
5 94 45
6 17 9
7 82 16
8 96 10
9 37 55
10 30 31
11 92 45
12 82 17
13 22 6
14 55 18
15 95 4
16 85 5
17 52 22
18 12 49
19 12 41
20 79 25
21 12 18
22 82 7
23 54 39
24 35 7
25 49 10
26 37 55
27 82 48
28 14 41
29 61 20
30 4 49
31 82 25
32 88 13
33 32 3
34 47 17
35 29 31
36 77 47
37 17 25
38 33 12
39 52 1
40 67 42
41 45 42
42 29 10
43 22 2
44 44 46
45 73 28
46 39 26
47 61 16
48 99 15
49 45 39
0 20 58
1 12 4
2 57 58
3 26 7
4 63 42
5 35 27
6 14 15
7 48 3
8 79 18
9 64 57
10 3 43
11 19 30
12 72 44
13 13 56
14 24 56
15 19 24
16 93 51
17 54 9
18 77 15
19 81 4
20 92 9
21 18 57
22 29 45
23 47 39
24 92 21
25 29 1
26 11 10
27 24 47
28 89 16
29 93 44
30 83 29
31 10 16
32 66 13
33 12 51
34 36 21
35 63 19
36 88 20
37 41 1
38 12 21
39 60 2
40 59 19
41 31 8
42 53 55
43 7 28
44 86 25
45 8 50
46 52 17
47 92 19
48 79 1
49 48 30
0 89 22
1 10 30
2 2 51
3 92 32
4 65 13
5 32 15
6 21 32
7 49 42
8 4 6
9 90 48
10 94 53
11 16 35
12 12 27
13 12 7
14 84 27
15 33 13
16 80 24
17 17 12
18 70 14
19 20 11
20 32 13
21 13 55
22 14 17
23 33 28
24 89 44
25 31 43
26 88 20
27 27 4
28 82 25
29 68 21
30 5 35
31 73 47
32 96 54
33 29 28
34 70 43
35 10 27
36 98 42
37 73 19
38 36 13
39 4 12
40 93 12
41 69 7
42 70 10
43 31 38
44 46 14
45 21 1
46 7 15
47 29 2
48 93 12
49 85 27
0 84 13
1 65 43
2 69 43
3 61 29
4 79 16
5 41 30
6 63 36
7 6 37
8 96 35
9 87 4
10 29 21
11 45 32
12 3 16
13 17 37
14 73 3
15 72 2
16 63 8
17 11 10
18 65 42
19 30 19
20 77 41
21 94 17
22 26 46
23 75 51
24 80 18
25 20 22
26 77 51
27 6 32
28 47 24
29 39 24
30 89 3
31 14 37
32 6 12
33 45 10
34 30 29
35 54 46
36 47 40
37 47 28
38 93 26
39 38 18
40 62 55
41 91 12
42 57 14
43 12 12
44 60 46
45 30 17
46 97 33
47 67 56
48 26 45
49 27 18
0 86 37
1 24 29
2 97 35
3 86 26
4 81 22
5 93 16
6 9 49
7 71 37
8 79 48
9 82 17
10 98 4
11 62 15
12 51 16
13 75 16
14 74 23
15 95 9
16 31 6
17 71 8
18 18 37
19 46 54
20 76 45
21 60 31
22 91 7
23 34 2
24 53 8
25 5 17
26 54 39
27 4 40
28 71 14
29 92 49
30 4 21
31 14 14
32 40 21
33 17 20
34 14 40
35 91 9
36 47 37
37 17 54
38 86 44
39 46 27
40 70 32
41 4 48
42 53 42
43 3 48
44 27 27
45 7 10
46 92 58
47 29 55
48 40 37
49 65 1
0 54 13
1 72 45
2 26 32
3 7 39
4 81 12
5 39 39
6 12 57
7 98 52
8 27 42
9 54 32
10 57 42
11 93 28
12 84 46
13 65 28
14 99 48
15 71 51
16 97 37
17 72 47
18 80 44
19 40 44
20 57 18
21 33 20
22 72 57
23 37 23
24 46 32
25 12 26
26 31 55
27 13 55
28 98 43
29 13 33
30 76 55
31 27 57
32 8 42
33 85 49
34 87 1
35 59 56
36 70 54
37 97 57
38 73 47
39 84 38
40 52 31
41 80 56
42 35 29
43 59 41
44 11 24
45 44 20
46 94 34
47 80 24
48 48 31
49 24 42
