0 31 12
1 83 58
2 54 42
3 15 1
4 23 18
5 89 49
6 43 56
7 11 20
8 48 9
9 6 25
0 82 32
1 50 55
2 76 31
3 79 53
4 94 46
5 75 37
6 20 46
7 58 54
8 13 14
9 90 28
0 3 53
1 59 42
2 87 6
3 40 54
4 67 39
5 21 10
6 2 55
7 41 18
8 66 30
9 42 41
0 80 2
1 9 6
2 38 41
3 80 8
4 31 26
5 58 22
6 59 58
7 3 23
8 32 7
9 34 8
0 73 14
1 69 40
2 20 23
3 64 44
4 97 56
5 1 34
6 94 45
7 18 44
8 96 50
9 97 2
0 80 37
1 55 43
2 29 8
3 6 41
4 92 39
5 73 45
6 29 15
7 50 57
8 51 8
9 32 9
0 40 40
1 52 9
2 60 14
3 90 23
4 66 37
5 11 3
6 7 11
7 26 37
8 5 46
9 5 17
0 28 8
1 28 23
2 35 19
3 36 30
4 92 12
5 33 17
6 98 28
7 43 20
8 5 23
9 98 21
0 64 42
1 40 23
2 81 8
3 5 49
4 46 9
5 32 10
6 66 2
7 36 22
8 43 9
9 25 9
0 23 31
1 98 46
2 66 38
3 13 9
4 92 35
5 97 17
6 39 31
7 27 44
8 78 17
9 25 22
0 83 23
1 66 44
2 90 45
3 57 43
4 74 39
5 39 21
6 44 23
7 89 11
8 30 6
9 20 12
0 73 31
1 68 11
2 19 36
3 2 3
4 54 22
5 65 9
6 41 13
7 4 24
8 12 54
9 57 19
0 94 56
1 7 46
2 31 30
3 3 35
4 62 56
5 98 8
6 16 16
7 13 52
8 77 16
9 84 55
0 89 37
1 54 3
2 28 40
3 36 45
4 22 11
5 88 22
6 49 31
7 95 34
8 38 55
9 42 37
0 79 10
1 12 27
2 92 11
3 62 44
4 93 52
5 95 33
6 45 54
7 22 6
8 73 2
9 54 46
0 39 44
1 68 57
2 16 1
3 41 39
4 84 55
5 32 19
6 57 11
7 71 31
8 27 13
9 38 25
0 56 28
1 78 49
2 92 50
3 60 31
4 32 38
5 80 3
6 68 55
7 36 32
8 29 37
9 59 14
0 88 13
1 69 10
2 6 5
3 18 22
4 89 56
5 28 56
6 24 19
7 87 14
8 17 3
9 96 21
0 94 23
1 87 13
2 37 40
3 12 23
4 89 52
5 94 1
6 80 43
7 90 4
8 66 31
9 86 57
0 77 51
1 22 3
2 8 12
3 31 42
4 55 57
5 42 13
6 3 45
7 24 54
8 77 45
9 84 45
0 64 9
1 91 20
2 14 57
3 41 13
4 46 8
5 56 16
6 23 30
7 23 26
8 62 29
9 14 56
0 78 12
1 32 17
2 3 10
3 28 15
4 21 41
5 28 22
6 23 15
7 94 48
8 77 47
9 7 46
0 68 11
1 26 41
2 83 14
3 91 20
4 44 46
5 37 12
6 10 56
7 3 58
8 10 26
9 58 7
0 87 44
1 86 57
2 25 46
3 6 8
4 82 31
5 82 18
6 3 43
7 38 6
8 47 44
9 36 37
0 18 3
1 18 19
2 68 56
3 13 31
4 98 34
5 3 2
6 59 57
7 75 13
8 88 51
9 23 45
0 63 3
1 72 4
2 92 52
3 37 37
4 57 44
5 54 41
6 79 47
7 37 6
8 77 40
9 79 38
0 11 12
1 97 48
2 66 37
3 41 21
4 45 19
5 5 30
6 60 39
7 85 6
8 28 36
9 61 46
0 48 7
1 2 2
2 80 10
3 6 3
4 8 34
5 91 7
6 32 5
7 46 55
8 71 19
9 79 18
0 9 41
1 60 42
2 52 21
3 70 57
4 27 21
5 82 30
6 60 39
7 32 13
8 22 36
9 17 42
0 38 14
1 50 10
2 2 56
3 11 50
4 96 31
5 46 17
6 88 23
7 80 34
8 93 42
9 71 22
0 56 23
1 84 48
2 92 24
3 55 32
4 82 15
5 59 22
6 43 3
7 62 40
8 6 18
9 15 21
0 61 2
1 27 22
2 32 7
3 6 43
4 11 42
5 87 27
6 70 17
7 6 44
8 62 3
9 47 16
0 95 30
1 99 17
2 74 45
3 11 50
4 76 29
5 9 41
6 88 29
7 40 17
8 41 18
9 56 16
0 33 40
1 71 41
2 51 27
3 95 28
4 62 38
5 30 7
6 30 15
7 64 41
8 87 45
9 26 54
0 25 25
1 17 11
2 43 39
3 35 31
4 11 56
5 94 23
6 75 22
7 95 35
8 25 13
9 85 25
0 96 51
1 28 8
2 47 7
3 90 39
4 41 57
5 79 58
6 99 22
7 30 28
8 20 16
9 79 4
0 74 8
1 24 19
2 67 45
3 81 57
4 91 12
5 84 46
6 12 4
7 8 25
8 72 30
9 37 14
0 45 20
1 20 20
2 33 23
3 43 23
4 73 54
5 42 20
6 76 47
7 40 39
8 14 57
9 77 3
0 53 28
1 20 13
2 45 10
3 3 33
4 31 15
5 62 29
6 61 32
7 23 1
8 45 21
9 72 13
0 34 5
1 23 28
2 95 31
3 77 14
4 75 46
5 97 8
6 62 4
7 93 52
8 2 32
9 9 56
0 68 27
1 21 17
2 28 18
3 13 52
4 69 40
5 97 34
6 11 35
7 60 30
8 95 16
9 23 55
0 12 56
1 66 43
2 75 9
3 33 27
4 80 41
5 35 22
6 48 19
7 55 38
8 57 22
9 95 41
0 95 50
1 72 47
2 67 13
3 79 44
4 15 4
5 12 2
6 43 54
7 55 8
8 31 16
9 4 47
0 95 25
1 17 43
2 13 9
3 71 43
4 90 1
5 18 13
6 59 41
7 44 36
8 87 8
9 16 58
0 48 31
1 20 4
2 59 8
3 27 3
4 41 54
5 9 47
6 53 45
7 88 15
8 95 28
9 84 32
0 21 56
1 35 41
2 70 22
3 28 30
4 40 29
5 72 27
6 14 55
7 61 23
8 89 57
9 74 13
0 78 15
1 94 23
2 14 19
3 6 43
4 42 31
5 75 40
6 95 57
7 42 16
8 4 18
9 89 6
0 48 37
1 25 14
2 28 29
3 83 43
4 50 17
5 47 23
6 96 57
7 89 26
8 28 2
9 27 26
0 61 2
1 48 58
2 59 11
3 14 24
4 4 52
5 64 3
6 77 16
7 59 45
8 21 26
9 68 15
0 55 21
1 97 5
2 55 2
3 79 40
4 8 47
5 70 56
6 63 22
7 16 11
8 6 33
9 6 5
