0 15 16
1 78 5
2 53 14
3 91 18
4 76 27
5 78 28
6 44 39
7 18 4
8 40 10
9 35 57
10 17 3
11 92 4
12 76 17
13 70 44
14 1 43
15 10 54
16 33 44
17 24 57
18 47 4
19 65 24
20 71 58
21 1 58
22 20 21
23 98 32
24 80 5
25 50 38
26 9 15
27 91 20
28 50 41
29 60 17
30 37 52
31 99 56
32 39 21
33 82 3
34 38 12
35 30 48
36 36 33
37 78 53
38 99 48
39 98 43
40 97 45
41 30 54
42 66 44
43 24 4
44 38 35
45 26 23
46 9 55
47 90 20
48 22 17
49 57 59
50 97 43
51 91 15
52 31 54
53 35 7
54 3 48
55 13 59
56 0 41
57 36 2
58 3 19
59 24 19
60 97 18
61 84 12
62 23 16
63 4 42
64 28 12
65 25 24
66 19 27
67 2 45
68 75 15
69 3 18
70 59 24
71 99 58
72 63 8
73 30 11
74 22 2
75 44 43
76 30 32
77 6 54
78 58 2
79 81 51
80 48 47
81 23 41
82 84 7
83 76 42
84 77 48
85 74 54
86 46 38
87 37 30
88 11 56
89 19 59
90 71 53
91 7 15
92 50 8
93 95 6
94 38 56
95 4 20
96 98 28
97 30 23
98 30 4
99 72 44
0 57 39
1 12 25
2 70 43
3 44 47
4 83 35
5 62 42
6 73 27
7 33 8
8 12 32
9 85 26
10 99 59
11 51 17
12 89 10
13 79 4
14 56 57
15 22 56
16 54 57
17 82 36
18 86 22
19 64 54
20 84 31
21 29 13
22 7 5
23 43 40
24 61 19
25 44 1
26 91 59
27 32 46
28 49 20
29 94 0
30 89 27
31 50 58
32 19 25
33 63 9
34 67 43
35 29 3
36 100 47
37 93 12
38 26 7
39 30 19
40 1 37
41 23 7
42 87 35
43 82 46
44 82 8
45 86 32
46 3 43
47 97 5
48 48 9
49 37 8
50 93 56
51 36 41
52 45 18
53 76 57
54 71 18
55 15 36
56 95 55
57 35 14
58 64 22
59 43 16
60 31 14
61 82 53
62 36 11
63 17 39
64 38 2
65 86 56
66 54 41
67 14 45
68 54 9
69 88 45
70 68 7
71 44 42
72 83 49
73 17 42
74 56 30
75 2 58
76 53 11
77 6 11
78 54 4
79 97 20
80 89 16
81 23 56
82 76 59
83 66 36
84 97 54
85 21 14
86 8 12
87 4 47
88 16 28
89 31 36
90 71 2
91 19 44
92 17 24
93 39 13
94 11 19
95 31 22
96 12 9
97 25 3
98 31 10
99 47 14
0 93 48
1 1 14
2 44 58
3 96 39
4 45 54
5 28 24
6 52 35
7 21 6
8 53 37
9 81 36
10 33 22
11 39 50
12 9 31
13 82 18
14 85 25
15 6 21
16 12 34
17 24 36
18 14 8
19 40 4
20 49 8
21 34 10
22 35 45
23 9 34
24 21 19
25 71 7
26 25 55
27 20 25
28 67 7
29 92 2
30 93 42
31 76 54
32 66 13
33 97 37
34 97 28
35 49 4
36 66 0
37 96 5
38 50 10
39 78 34
40 98 41
41 64 30
42 95 23
43 5 10
44 83 51
45 21 47
46 36 32
47 96 21
48 65 23
49 4 40
50 33 26
51 66 33
52 3 46
53 31 10
54 3 5
55 68 8
56 33 17
57 4 57
58 26 36
59 6 20
60 97 59
61 16 14
62 80 14
63 27 9
64 69 47
65 68 41
66 89 14
67 37 48
68 79 46
69 75 20
70 7 19
71 52 23
72 50 54
73 70 44
74 95 35
75 79 41
76 6 34
77 37 5
78 38 4
79 70 56
80 59 45
81 78 27
82 19 28
83 64 29
84 37 39
85 5 30
86 80 39
87 39 58
88 88 27
89 99 11
90 17 15
91 31 23
92 71 21
93 8 30
94 1 35
95 2 12
96 27 13
97 64 45
98 91 58
99 36 57
0 82 8
1 97 17
2 87 21
3 39 2
4 91 1
5 44 55
6 89 40
7 82 31
8 80 0
9 45 45
10 27 26
11 14 42
12 83 14
13 21 55
14 89 10
15 90 55
16 79 24
17 30 45
18 14 47
19 96 51
20 99 58
21 81 5
22 63 12
23 43 17
24 73 33
25 49 43
26 31 25
27 91 43
28 0 29
29 99 24
30 9 41
31 74 39
32 21 41
33 37 1
34 88 38
35 88 38
36 80 52
37 95 18
38 36 10
39 24 47
40 65 2
41 51 35
42 12 26
43 50 16
44 26 28
45 41 38
46 59 8
47 12 53
48 73 23
49 80 57
50 92 43
51 45 19
52 36 59
53 19 57
54 39 38
55 55 27
56 56 41
57 73 6
58 99 12
59 0 9
60 17 27
61 88 51
62 81 47
63 17 6
64 83 47
65 44 22
66 59 44
67 22 40
68 7 42
69 20 54
70 74 27
71 37 41
72 29 27
73 73 54
74 50 59
75 61 59
76 72 30
77 99 4
78 93 53
79 55 57
80 54 58
81 88 32
82 99 16
83 89 57
84 36 25
85 81 53
86 17 24
87 95 5
88 72 55
89 29 36
90 43 14
91 62 22
92 4 25
93 48 0
94 38 25
95 71 11
96 93 22
97 28 12
98 56 53
99 25 4
0 92 3
1 76 16
2 74 45
3 89 30
4 48 10
5 85 41
6 25 26
7 41 42
8 97 45
9 74 15
10 38 36
11 51 43
12 4 48
13 80 49
14 89 37
15 88 16
16 45 39
17 54 0
18 7 21
19 83 34
20 84 36
21 11 34
22 48 59
23 64 0
24 90 34
25 37 24
26 38 11
27 87 59
28 79 36
29 21 1
30 87 59
31 92 39
32 98 17
33 60 44
34 5 7
35 85 24
36 15 22
37 28 35
38 23 5
39 89 9
40 37 52
41 15 41
42 34 49
43 23 37
44 16 27
45 8 25
46 84 51
47 99 8
48 99 25
49 30 10
50 37 43
51 84 0
52 90 44
53 41 39
54 48 0
55 15 18
56 19 2
57 27 12
58 75 14
59 18 38
60 97 13
61 61 14
62 2 13
63 64 27
64 48 57
65 7 17
66 78 55
67 62 19
68 24 54
69 28 1
70 95 25
71 83 41
72 10 39
73 76 17
74 23 18
75 63 8
76 91 41
77 83 7
78 78 13
79 10 9
80 50 16
81 69 57
82 2 9
83 91 2
84 51 32
85 63 6
86 82 18
87 84 35
88 85 17
89 6 34
90 4 10
91 52 27
92 24 45
93 80 22
94 19 58
95 27 39
96 47 41
97 81 48
98 33 57
99 84 31
0 84 49
1 32 23
2 32 13
3 96 24
4 33 38
5 23 28
6 31 35
7 38 19
8 85 36
9 11 48
10 9 24
11 19 55
12 52 42
13 61 36
14 85 54
15 36 15
16 98 42
17 54 12
18 81 52
19 14 58
20 29 43
21 84 2
22 38 25
23 11 24
24 40 21
25 30 19
26 84 5
27 20 2
28 94 10
29 37 3
30 9 29
31 36 57
32 44 22
33 4 40
34 31 22
35 44 3
36 95 9
37 24 56
38 58 19
39 58 42
40 90 40
41 34 46
42 1 33
43 18 19
44 87 18
45 5 22
46 2 37
47 16 59
48 12 37
49 1 24
50 3 54
51 24 16
52 60 23
53 14 16
54 2 43
55 41 43
56 93 37
57 83 45
58 27 41
59 47 44
60 95 44
61 16 12
62 40 38
63 4 9
64 41 53
65 38 2
66 12 8
67 84 59
68 38 55
69 94 27
70 97 39
71 3 31
72 54 12
73 43 13
74 88 53
75 16 28
76 3 37
77 25 29
78 31 27
79 20 11
80 36 53
81 6 21
82 31 27
83 94 17
84 69 39
85 34 8
86 63 58
87 51 13
88 5 51
89 81 40
90 56 58
91 40 36
92 19 54
93 92 37
94 30 42
95 39 42
96 94 36
97 11 51
98 18 41
99 1 26
0 74 16
1 25 20
2 1 0
3 77 25
4 56 30
5 90 53
6 22 57
7 5 6
8 69 19
9 98 20
10 71 16
11 96 12
12 28 40
13 14 42
14 32 26
15 90 15
16 23 47
17 73 21
18 17 29
19 82 39
20 21 3
21 39 23
22 4 12
23 15 53
24 76 59
25 17 55
26 74 30
27 82 32
28 36 42
29 42 13
30 55 1
31 60 1
32 84 31
33 57 1
34 13 22
35 44 0
36 9 49
37 33 19
38 61 6
39 82 10
40 56 39
41 47 19
42 32 18
43 2 19
44 15 3
45 10 43
46 30 36
47 14 46
48 96 6
49 93 3
50 8 25
51 88 6
52 60 27
53 76 39
54 21 56
55 83 23
56 26 30
57 7 25
58 9 58
59 3 14
60 16 38
61 40 55
62 65 15
63 30 7
64 96 52
65 83 36
66 82 7
67 93 41
68 5 57
69 15 10
70 33 47
71 6 32
72 78 29
73 89 5
74 5 53
75 30 29
76 75 44
77 14 28
78 24 17
79 83 47
80 83 28
81 48 41
82 3 55
83 19 59
84 14 17
85 5 50
86 74 19
87 88 48
88 43 14
89 82 17
90 15 4
91 29 53
92 16 13
93 55 16
94 92 60
95 28 2
96 27 53
97 73 7
98 34 43
99 16 45
0 23 17
1 52 27
2 50 18
3 97 44
4 78 33
5 96 8
6 8 15
7 52 15
8 94 35
9 8 28
10 85 4
11 9 5
12 90 11
13 64 56
14 27 4
15 78 28
16 70 42
17 3 23
18 21 15
19 66 58
20 10 39
21 11 16
22 74 50
23 11 49
24 7 34
25 37 50
26 76 52
27 30 22
28 61 55
29 81 31
30 38 7
31 32 9
32 86 1
33 95 21
34 7 55
35 9 31
36 22 31
37 12 6
38 97 47
39 42 7
40 93 36
41 72 54
42 5 12
43 83 44
44 70 49
45 15 13
46 49 11
47 55 33
48 25 35
49 33 26
50 30 26
51 71 15
52 6 44
53 33 18
54 81 2
55 97 15
56 19 6
57 86 55
58 40 37
59 91 58
60 67 21
61 39 43
62 84 7
63 55 23
64 54 7
65 91 58
66 89 57
67 58 39
68 14 1
69 51 41
70 17 43
71 88 34
72 22 31
73 83 57
74 81 18
75 34 21
76 97 10
77 33 30
78 65 53
79 94 42
80 45 55
81 3 20
82 21 58
83 99 37
84 50 37
85 78 57
86 73 54
87 33 43
88 48 47
89 98 29
90 11 41
91 21 11
92 41 10
93 8 45
94 92 36
95 98 14
96 55 40
97 90 29
98 26 55
99 78 41
0 72 9
1 25 38
2 86 16
3 57 41
4 40 30
5 23 32
6 56 4
7 17 38
8 47 3
9 96 54
10 16 20
11 94 59
12 98 14
13 9 15
14 80 36
15 0 53
16 83 13
17 59 24
18 10 31
19 84 2
20 27 54
21 13 10
22 84 13
23 1 1
24 49 53
25 52 45
26 1 15
27 71 33
28 89 12
29 22 10
30 14 12
31 64 21
32 6 44
33 90 23
34 85 4
35 87 15
36 52 58
37 17 5
38 75 51
39 75 58
40 15 59
41 52 12
42 42 54
43 87 10
44 63 28
45 28 24
46 53 59
47 89 42
48 7 48
49 23 31
50 37 41
51 54 42
52 62 42
53 90 56
54 56 43
55 77 36
56 97 38
57 83 57
58 11 6
59 86 52
60 47 7
61 94 14
62 26 14
63 52 48
64 35 40
65 13 18
66 64 2
67 41 35
68 32 22
69 14 54
70 9 33
71 19 19
72 6 7
73 62 23
74 14 30
75 5 32
76 71 51
77 65 30
78 27 15
79 55 40
80 55 3
81 29 58
82 84 19
83 89 41
84 75 50
85 64 2
86 66 14
87 30 27
88 50 58
89 95 16
90 65 20
91 93 3
92 22 32
93 9 31
94 21 47
95 87 13
96 76 51
97 5 50
98 7 44
99 13 11
0 55 40
1 16 15
2 12 31
3 86 43
4 28 40
5 82 0
6 24 16
7 87 27
8 49 30
9 69 33
10 21 6
11 80 29
12 44 27
13 37 26
14 75 9
15 82 15
16 82 24
17 22 23
18 53 44
19 5 19
20 73 41
21 42 3
22 99 22
23 25 14
24 42 35
25 44 8
26 56 23
27 46 22
28 19 60
29 44 10
30 28 31
31 45 37
32 31 25
33 0 1
34 35 20
35 0 4
36 84 1
37 10 39
38 17 33
39 89 27
40 96 10
41 6 40
42 53 59
43 26 36
44 89 4
45 21 9
46 69 52
47 48 24
48 95 29
49 74 33
50 20 46
51 16 8
52 43 37
53 24 8
54 39 22
55 78 9
56 25 16
57 36 44
58 13 27
59 11 13
60 87 52
61 26 1
62 38 50
63 16 14
64 28 2
65 60 12
66 18 18
67 88 0
68 49 53
69 99 48
70 79 27
71 90 59
72 3 24
73 31 27
74 16 35
75 39 30
76 9 34
77 12 26
78 71 55
79 17 1
80 16 2
81 80 41
82 60 10
83 23 35
84 8 45
85 79 33
86 82 40
87 83 3
88 68 15
89 67 10
90 3 16
91 17 7
92 25 8
93 75 4
94 61 21
95 12 7
96 46 16
97 3 38
98 2 7
99 98 7
