0 31 12
1 83 58
2 54 42
3 15 1
4 23 18
5 89 49
6 43 56
7 11 20
8 48 9
9 6 25
0 82 32
1 50 55
2 76 31
3 79 53
4 94 46
5 75 37
6 20 46
7 58 54
8 13 14
9 90 28
0 3 53
1 59 42
2 87 6
3 40 54
4 67 39
5 21 10
6 2 55
7 41 18
8 66 30
9 42 41
0 80 2
1 9 6
2 38 41
3 80 8
4 31 26
5 58 22
6 59 58
7 3 23
8 32 7
9 34 8
0 73 14
1 69 40
2 20 23
3 64 44
4 97 56
5 1 34
6 94 45
7 18 44
8 96 50
9 97 2
0 80 37
1 55 43
2 29 8
3 6 41
4 92 39
5 73 45
6 29 15
7 50 57
8 51 8
9 32 9
0 40 40
1 52 9
2 60 14
3 90 23
4 66 37
5 11 3
6 7 11
7 26 37
8 5 46
9 5 17
0 28 8
1 28 23
2 35 19
3 36 30
4 92 12
5 33 17
6 98 28
7 43 20
8 5 23
9 98 21
0 64 42
1 40 23
2 81 8
3 5 49
4 46 9
5 32 10
6 66 2
7 36 22
8 43 9
9 25 9
0 23 31
1 98 46
2 66 38
3 13 9
4 92 35
5 97 17
6 39 31
7 27 44
8 78 17
9 25 22
0 83 23
1 66 44
2 90 45
3 57 43
4 74 39
5 39 21
6 44 23
7 89 11
8 30 6
9 20 12
0 73 31
1 68 11
2 19 36
3 2 3
4 54 22
5 65 9
6 41 13
7 4 24
8 12 54
9 57 19
0 94 56
1 7 46
2 31 30
3 3 35
4 62 56
5 98 8
6 16 16
7 13 52
8 77 16
9 84 55
0 89 37
1 54 3
2 28 40
3 36 45
4 22 11
5 88 22
6 49 31
7 95 34
8 38 55
9 42 37
0 79 10
1 12 27
2 92 11
3 62 44
4 93 52
5 95 33
6 45 54
7 22 6
8 73 2
9 54 46
0 39 44
1 68 57
2 16 1
3 41 39
4 84 55
5 32 19
6 57 11
7 71 31
8 27 13
9 38 25
0 56 28
1 78 49
2 92 50
3 60 31
4 32 38
5 80 3
6 68 55
7 36 32
8 29 37
9 59 14
0 88 13
1 69 10
2 6 5
3 18 22
4 89 56
5 28 56
6 24 19
7 87 14
8 17 3
9 96 21
0 94 23
1 87 13
2 37 40
3 12 23
4 89 52
5 94 1
6 80 43
7 90 4
8 66 31
9 86 57
0 77 51
1 22 3
2 8 12
3 31 42
4 55 57
5 42 13
6 3 45
7 24 54
8 77 45
9 84 45
0 64 9
1 91 20
2 14 57
3 41 13
4 46 8
5 56 16
6 23 30
7 23 26
8 62 29
9 14 56
0 78 12
1 32 17
2 3 10
3 28 15
4 21 41
5 28 22
6 23 15
7 94 48
8 77 47
9 7 46
0 68 11
1 26 41
2 83 14
3 91 20
4 44 46
5 37 12
6 10 56
7 3 58
8 10 26
9 58 7
0 87 44
1 86 57
2 25 46
3 6 8
4 82 31
5 82 18
6 3 43
7 38 6
8 47 44
9 36 37
0 18 3
1 18 19
2 68 56
3 13 31
4 98 34
5 3 2
6 59 57
7 75 13
8 88 51
9 23 45
0 63 3
1 72 4
2 92 52
3 37 37
4 57 44
5 54 41
6 79 47
7 37 6
8 77 40
9 79 38
0 11 12
1 97 48
2 66 37
3 41 21
4 45 19
5 5 30
6 60 39
7 85 6
8 28 36
9 61 46
0 48 7
1 2 2
2 80 10
3 6 3
4 8 34
5 91 7
6 32 5
7 46 55
8 71 19
9 79 18
0 9 41
1 60 42
2 52 21
3 70 57
4 27 21
5 82 30
6 60 39
7 32 13
8 22 36
9 17 42
0 38 14
1 50 10
2 2 56
3 11 50
4 96 31
5 46 17
6 88 23
7 80 34
8 93 42
9 71 22
0 56 23
1 84 48
2 92 24
3 55 32
4 82 15
5 59 22
6 43 3
7 62 40
8 6 18
9 15 21
0 61 2
1 27 22
2 32 7
3 6 43
4 11 42
5 87 27
6 70 17
7 6 44
8 62 3
9 47 16
0 95 30
1 99 17
2 74 45
3 11 50
4 76 29
5 9 41
6 88 29
7 40 17
8 41 18
9 56 16
0 33 40
1 71 41
2 51 27
3 95 28
4 62 38
5 30 7
6 30 15
7 64 41
8 87 45
9 26 54
0 25 25
1 17 11
2 43 39
3 35 31
4 11 56
5 94 23
6 75 22
7 95 35
8 25 13
9 85 25
0 96 51
1 28 8
2 47 7
3 90 39
4 41 57
5 79 58
6 99 22
7 30 28
8 20 16
9 79 4
0 74 8
1 24 19
2 67 45
3 81 57
4 91 12
5 84 46
6 12 4
7 8 25
8 72 30
9 37 14
0 45 20
1 20 20
2 33 23
3 43 23
4 73 54
5 42 20
6 76 47
7 40 39
8 14 57
9 77 3
0 53 28
1 20 13
2 45 10
3 3 33
4 31 15
5 62 29
6 61 32
7 23 1
8 45 21
9 72 13
0 34 5
1 23 28
2 95 31
3 77 14
4 75 46
5 97 8
6 62 4
7 93 52
8 2 32
9 9 56
0 68 27
1 21 17
2 28 18
3 13 52
4 69 40
5 97 34
6 11 35
7 60 30
8 95 16
9 23 55
0 12 56
1 66 43
2 75 9
3 33 27
4 80 41
5 35 22
6 48 19
7 55 38
8 57 22
9 95 41
0 95 50
1 72 47
2 67 13
3 79 44
4 15 4
5 12 2
6 43 54
7 55 8
8 31 16
9 4 47
0 95 25
1 17 43
2 13 9
3 71 43
4 90 1
5 18 13
6 59 41
7 44 36
8 87 8
9 16 58
0 48 31
1 20 4
2 59 8
3 27 3
4 41 54
5 9 47
6 53 45
7 88 15
8 95 28
9 84 32
0 21 56
1 35 41
2 70 22
3 28 30
4 40 29
5 72 27
6 14 55
7 61 23
8 89 57
9 74 13
0 78 15
1 94 23
2 14 19
3 6 43
4 42 31
5 75 40
6 95 57
7 42 16
8 4 18
9 89 6
0 48 37
1 25 14
2 28 29
3 83 43
4 50 17
5 47 23
6 96 57
7 89 26
8 28 2
9 27 26
0 61 2
1 48 58
2 59 11
3 14 24
4 4 52
5 64 3
6 77 16
7 59 45
8 21 26
9 68 15
0 55 21
1 97 5
2 55 2
3 79 40
4 8 47
5 70 56
6 63 22
7 16 11
8 6 33
9 6 5
0 72 15
1 16 14
2 81 18
3 55 9
4 53 20
5 25 57
6 39 31
7 50 19
8 80 23
9 1 33
0 94 10
1 12 25
2 87 55
3 66 19
4 68 15
5 34 46
6 32 21
7 63 29
8 93 37
9 63 12
0 28 8
1 50 1
2 49 16
3 33 29
4 5 5
5 25 27
6 96 26
7 71 47
8 93 38
9 86 3
0 78 17
1 22 16
2 92 37
3 53 57
4 91 23
5 48 1
6 76 55
7 5 19
8 63 40
9 11 41
0 44 16
1 7 49
2 64 30
3 8 33
4 43 31
5 94 9
6 20 22
7 49 17
8 86 38
9 68 22
0 93 49
1 4 9
2 11 43
3 14 28
4 95 38
5 33 13
6 37 57
7 54 28
8 94 22
9 85 58
0 16 53
1 8 40
2 96 37
3 88 31
4 63 38
5 89 3
6 11 54
7 94 56
8 5 42
9 97 36
0 96 2
1 82 21
2 89 48
3 61 31
4 8 57
5 72 43
6 84 39
7 27 21
8 82 4
9 2 40
0 64 9
1 14 55
2 72 48
3 98 54
4 6 23
5 6 51
6 85 27
7 34 44
8 90 41
9 86 51
0 20 44
1 64 37
2 53 32
3 78 23
4 9 30
5 91 33
6 60 46
7 28 25
8 65 30
9 3 55
0 33 24
1 62 31
2 84 18
3 98 37
4 17 27
5 91 16
6 35 22
7 38 29
8 11 2
9 47 46
0 53 14
1 3 10
2 58 8
3 95 24
4 48 23
5 15 54
6 87 39
7 68 15
8 46 39
9 3 22
0 6 9
1 21 46
2 21 22
3 10 5
4 80 34
5 49 55
6 98 2
7 8 44
8 45 42
9 64 31
0 97 40
1 25 11
2 2 27
3 92 1
4 37 11
5 52 18
6 75 37
7 7 33
8 9 46
9 84 38
0 20 44
1 9 23
2 14 11
3 36 54
4 84 49
5 77 57
6 47 46
7 64 54
8 46 14
9 96 50
0 66 18
1 97 42
2 68 39
3 95 40
4 2 10
5 16 37
6 28 1
7 75 12
8 84 23
9 66 43
0 67 8
1 6 26
2 58 55
3 83 56
4 33 47
5 75 28
6 37 16
7 91 27
8 90 5
9 16 27
0 33 28
1 58 14
2 82 52
3 42 3
4 9 8
5 4 7
6 73 21
7 33 55
8 82 1
9 12 57
0 84 10
1 39 39
2 58 40
3 36 48
4 20 43
5 78 50
6 91 48
7 47 43
8 73 23
9 62 15
0 94 29
1 4 30
2 96 41
3 25 46
4 86 28
5 37 54
6 81 17
7 41 43
8 8 22
9 72 42
0 41 14
1 14 15
2 97 56
3 59 28
4 55 18
5 82 25
6 88 34
7 21 3
8 59 43
9 35 57
0 31 1
1 94 54
2 73 38
3 15 5
4 98 43
5 55 22
6 61 17
7 73 36
8 76 30
9 17 41
0 90 14
1 25 22
2 57 16
3 90 18
4 66 13
5 62 43
6 28 14
7 95 51
8 39 53
9 27 58
0 28 57
1 71 28
2 40 15
3 78 17
4 31 57
5 86 55
6 58 42
7 81 55
8 8 57
9 92 28
0 17 54
1 37 58
2 67 23
3 44 55
4 95 4
5 40 31
6 77 40
7 57 20
8 68 30
9 56 14
0 14 25
1 76 43
2 12 37
3 37 41
4 10 25
5 44 13
6 99 47
7 85 39
8 85 25
9 9 6
0 67 3
1 82 24
2 97 33
3 9 17
4 70 42
5 81 55
6 93 14
7 73 27
8 18 14
9 72 32
0 20 19
1 5 29
2 83 55
3 25 43
4 30 24
5 79 57
6 47 18
7 24 8
8 98 40
9 16 13
0 14 41
1 58 10
2 65 57
3 90 41
4 46 14
5 78 44
6 45 55
7 19 5
8 20 46
9 40 21
0 32 11
1 77 51
2 40 11
3 35 8
4 63 11
5 49 16
6 33 23
7 80 44
8 49 42
9 85 38
0 91 41
1 38 6
2 85 10
3 10 37
4 51 13
5 91 56
6 88 36
7 78 54
8 88 6
9 70 39
0 36 7
1 70 46
2 10 48
3 15 25
4 78 30
5 16 5
6 65 14
7 94 45
8 43 29
9 92 4
0 10 31
1 62 3
2 74 56
3 24 5
4 34 30
5 43 28
6 85 20
7 85 56
8 94 37
9 28 6
0 27 57
1 85 19
2 59 31
3 70 28
4 96 57
5 17 43
6 35 26
7 41 56
8 48 2
9 46 54
0 11 37
1 64 9
2 26 6
3 74 48
4 16 34
5 24 57
6 34 17
7 98 47
8 17 9
9 92 46
0 41 16
1 86 40
2 87 50
3 40 13
4 38 44
5 70 22
6 28 4
7 97 28
8 90 41
9 24 39
0 15 33
1 28 4
2 11 2
3 56 28
4 97 31
5 8 1
6 45 37
7 14 21
8 47 56
9 92 38
0 59 17
1 14 56
2 9 45
3 31 42
4 61 45
5 97 44
6 90 41
7 12 6
8 13 35
9 38 51
0 89 54
1 90 51
2 73 55
3 4 8
4 92 25
5 6 5
6 63 54
7 54 29
8 62 32
9 65 58
0 3 12
1 59 29
2 91 3
3 8 33
4 68 21
5 10 36
6 1 34
7 16 1
8 77 20
9 70 54
0 64 3
1 30 1
2 84 49
3 53 13
4 51 43
5 97 2
6 26 57
7 74 48
8 50 8
9 14 33
0 8 5
1 36 21
2 18 46
3 93 2
4 9 51
5 17 37
6 83 26
7 88 44
8 16 9
9 48 22
0 54 43
1 76 40
2 28 54
3 46 46
4 28 17
5 85 37
6 11 45
7 51 15
8 3 38
9 33 9
0 92 29
1 21 3
2 34 10
3 62 42
4 48 15
5 24 16
6 45 43
7 73 15
8 89 8
9 92 15
0 93 12
1 21 13
2 65 37
3 24 21
4 12 34
5 74 29
6 41 2
7 46 23
8 36 37
9 65 30
0 32 45
1 45 44
2 51 14
3 96 4
4 3 35
5 97 52
6 64 41
7 58 43
8 91 28
9 98 41
0 3 16
1 84 2
2 76 44
3 12 45
4 32 43
5 25 3
6 37 5
7 8 52
8 97 17
9 80 32
0 15 9
1 74 48
2 12 9
3 88 43
4 66 14
5 55 42
6 36 37
7 8 15
8 47 29
9 27 37
0 89 44
1 60 18
2 35 23
3 93 21
4 90 42
5 29 2
6 54 37
7 13 25
8 97 9
9 45 8
0 50 11
1 42 23
2 85 29
3 13 18
4 80 13
5 89 37
6 37 20
7 79 38
8 5 29
9 27 58
