0 15 16
1 78 5
2 53 14
3 91 18
4 76 27
5 78 28
6 44 39
7 18 4
8 40 10
9 35 57
10 17 3
11 92 4
12 76 17
13 70 44
14 1 43
15 10 54
16 33 44
17 24 57
18 47 4
19 65 24
20 71 58
21 1 58
22 20 21
23 98 32
24 80 5
25 50 38
26 9 15
27 91 20
28 50 41
29 60 17
30 37 52
31 99 56
32 39 21
33 82 3
34 38 12
35 30 48
36 36 33
37 78 53
38 99 48
39 98 43
40 97 45
41 30 54
42 66 44
43 24 4
44 38 35
45 26 23
46 9 55
47 90 20
48 22 17
49 57 59
50 97 43
51 91 15
52 31 54
53 35 7
54 3 48
55 13 59
56 0 41
57 36 2
58 3 19
59 24 19
60 97 18
61 84 12
62 23 16
63 4 42
64 28 12
65 25 24
66 19 27
67 2 45
68 75 15
69 3 18
70 59 24
71 99 58
72 63 8
73 30 11
74 22 2
75 44 43
76 30 32
77 6 54
78 58 2
79 81 51
80 48 47
81 23 41
82 84 7
83 76 42
84 77 48
85 74 54
86 46 38
87 37 30
88 11 56
89 19 59
90 71 53
91 7 15
92 50 8
93 95 6
94 38 56
95 4 20
96 98 28
97 30 23
98 30 4
99 72 44
0 57 39
1 12 25
2 70 43
3 44 47
4 83 35
5 62 42
6 73 27
7 33 8
8 12 32
9 85 26
10 99 59
11 51 17
12 89 10
13 79 4
14 56 57
15 22 56
16 54 57
17 82 36
18 86 22
19 64 54
20 84 31
21 29 13
22 7 5
23 43 40
24 61 19
25 44 1
26 91 59
27 32 46
28 49 20
29 94 0
30 89 27
31 50 58
32 19 25
33 63 9
34 67 43
35 29 3
36 100 47
37 93 12
38 26 7
39 30 19
40 1 37
41 23 7
42 87 35
43 82 46
44 82 8
45 86 32
46 3 43
47 97 5
48 48 9
49 37 8
50 93 56
51 36 41
52 45 18
53 76 57
54 71 18
55 15 36
56 95 55
57 35 14
58 64 22
59 43 16
60 31 14
61 82 53
62 36 11
63 17 39
64 38 2
65 86 56
66 54 41
67 14 45
68 54 9
69 88 45
70 68 7
71 44 42
72 83 49
73 17 42
74 56 30
75 2 58
76 53 11
77 6 11
78 54 4
79 97 20
80 89 16
81 23 56
82 76 59
83 66 36
84 97 54
85 21 14
86 8 12
87 4 47
88 16 28
89 31 36
90 71 2
91 19 44
92 17 24
93 39 13
94 11 19
95 31 22
96 12 9
97 25 3
98 31 10
99 47 14
0 93 48
1 1 14
2 44 58
3 96 39
4 45 54
5 28 24
6 52 35
7 21 6
8 53 37
9 81 36
10 33 22
11 39 50
12 9 31
13 82 18
14 85 25
15 6 21
16 12 34
17 24 36
18 14 8
19 40 4
20 49 8
21 34 10
22 35 45
23 9 34
24 21 19
25 71 7
26 25 55
27 20 25
28 67 7
29 92 2
30 93 42
31 76 54
32 66 13
33 97 37
34 97 28
35 49 4
36 66 0
37 96 5
38 50 10
39 78 34
40 98 41
41 64 30
42 95 23
43 5 10
44 83 51
45 21 47
46 36 32
47 96 21
48 65 23
49 4 40
50 33 26
51 66 33
52 3 46
53 31 10
54 3 5
55 68 8
56 33 17
57 4 57
58 26 36
59 6 20
60 97 59
61 16 14
62 80 14
63 27 9
64 69 47
65 68 41
66 89 14
67 37 48
68 79 46
69 75 20
70 7 19
71 52 23
72 50 54
73 70 44
74 95 35
75 79 41
76 6 34
77 37 5
78 38 4
79 70 56
80 59 45
81 78 27
82 19 28
83 64 29
84 37 39
85 5 30
86 80 39
87 39 58
88 88 27
89 99 11
90 17 15
91 31 23
92 71 21
93 8 30
94 1 35
95 2 12
96 27 13
97 64 45
98 91 58
99 36 57
0 82 8
1 97 17
2 87 21
3 39 2
4 91 1
5 44 55
6 89 40
7 82 31
8 80 0
9 45 45
10 27 26
11 14 42
12 83 14
13 21 55
14 89 10
15 90 55
16 79 24
17 30 45
18 14 47
19 96 51
20 99 58
21 81 5
22 63 12
23 43 17
24 73 33
25 49 43
26 31 25
27 91 43
28 0 29
29 99 24
30 9 41
31 74 39
32 21 41
33 37 1
34 88 38
35 88 38
36 80 52
37 95 18
38 36 10
39 24 47
40 65 2
41 51 35
42 12 26
43 50 16
44 26 28
45 41 38
46 59 8
47 12 53
48 73 23
49 80 57
50 92 43
51 45 19
52 36 59
53 19 57
54 39 38
55 55 27
56 56 41
57 73 6
58 99 12
59 0 9
60 17 27
61 88 51
62 81 47
63 17 6
64 83 47
65 44 22
66 59 44
67 22 40
68 7 42
69 20 54
70 74 27
71 37 41
72 29 27
73 73 54
74 50 59
75 61 59
76 72 30
77 99 4
78 93 53
79 55 57
80 54 58
81 88 32
82 99 16
83 89 57
84 36 25
85 81 53
86 17 24
87 95 5
88 72 55
89 29 36
90 43 14
91 62 22
92 4 25
93 48 0
94 38 25
95 71 11
96 93 22
97 28 12
98 56 53
99 25 4
0 92 3
1 76 16
2 74 45
3 89 30
4 48 10
5 85 41
6 25 26
7 41 42
8 97 45
9 74 15
10 38 36
11 51 43
12 4 48
13 80 49
14 89 37
15 88 16
16 45 39
17 54 0
18 7 21
19 83 34
20 84 36
21 11 34
22 48 59
23 64 0
24 90 34
25 37 24
26 38 11
27 87 59
28 79 36
29 21 1
30 87 59
31 92 39
32 98 17
33 60 44
34 5 7
35 85 24
36 15 22
37 28 35
38 23 5
39 89 9
40 37 52
41 15 41
42 34 49
43 23 37
44 16 27
45 8 25
46 84 51
47 99 8
48 99 25
49 30 10
50 37 43
51 84 0
52 90 44
53 41 39
54 48 0
55 15 18
56 19 2
57 27 12
58 75 14
59 18 38
60 97 13
61 61 14
62 2 13
63 64 27
64 48 57
65 7 17
66 78 55
67 62 19
68 24 54
69 28 1
70 95 25
71 83 41
72 10 39
73 76 17
74 23 18
75 63 8
76 91 41
77 83 7
78 78 13
79 10 9
80 50 16
81 69 57
82 2 9
83 91 2
84 51 32
85 63 6
86 82 18
87 84 35
88 85 17
89 6 34
90 4 10
91 52 27
92 24 45
93 80 22
94 19 58
95 27 39
96 47 41
97 81 48
98 33 57
99 84 31
0 84 49
1 32 23
2 32 13
3 96 24
4 33 38
5 23 28
6 31 35
7 38 19
8 85 36
9 11 48
10 9 24
11 19 55
12 52 42
13 61 36
14 85 54
15 36 15
16 98 42
17 54 12
18 81 52
19 14 58
20 29 43
21 84 2
22 38 25
23 11 24
24 40 21
25 30 19
26 84 5
27 20 2
28 94 10
29 37 3
30 9 29
31 36 57
32 44 22
33 4 40
34 31 22
35 44 3
36 95 9
37 24 56
38 58 19
39 58 42
40 90 40
41 34 46
42 1 33
43 18 19
44 87 18
45 5 22
46 2 37
47 16 59
48 12 37
49 1 24
50 3 54
51 24 16
52 60 23
53 14 16
54 2 43
55 41 43
56 93 37
57 83 45
58 27 41
59 47 44
60 95 44
61 16 12
62 40 38
63 4 9
64 41 53
65 38 2
66 12 8
67 84 59
68 38 55
69 94 27
70 97 39
71 3 31
72 54 12
73 43 13
74 88 53
75 16 28
76 3 37
77 25 29
78 31 27
79 20 11
80 36 53
81 6 21
82 31 27
83 94 17
84 69 39
85 34 8
86 63 58
87 51 13
88 5 51
89 81 40
90 56 58
91 40 36
92 19 54
93 92 37
94 30 42
95 39 42
96 94 36
97 11 51
98 18 41
99 1 26
0 74 16
1 25 20
2 1 0
3 77 25
4 56 30
5 90 53
6 22 57
7 5 6
8 69 19
9 98 20
10 71 16
11 96 12
12 28 40
13 14 42
14 32 26
15 90 15
16 23 47
17 73 21
18 17 29
19 82 39
20 21 3
21 39 23
22 4 12
23 15 53
24 76 59
25 17 55
26 74 30
27 82 32
28 36 42
29 42 13
30 55 1
31 60 1
32 84 31
33 57 1
34 13 22
35 44 0
36 9 49
37 33 19
38 61 6
39 82 10
40 56 39
41 47 19
42 32 18
43 2 19
44 15 3
45 10 43
46 30 36
47 14 46
48 96 6
49 93 3
50 8 25
51 88 6
52 60 27
53 76 39
54 21 56
55 83 23
56 26 30
57 7 25
58 9 58
59 3 14
60 16 38
61 40 55
62 65 15
63 30 7
64 96 52
65 83 36
66 82 7
67 93 41
68 5 57
69 15 10
70 33 47
71 6 32
72 78 29
73 89 5
74 5 53
75 30 29
76 75 44
77 14 28
78 24 17
79 83 47
80 83 28
81 48 41
82 3 55
83 19 59
84 14 17
85 5 50
86 74 19
87 88 48
88 43 14
89 82 17
90 15 4
91 29 53
92 16 13
93 55 16
94 92 60
95 28 2
96 27 53
97 73 7
98 34 43
99 16 45
0 23 17
1 52 27
2 50 18
3 97 44
4 78 33
5 96 8
6 8 15
7 52 15
8 94 35
9 8 28
10 85 4
11 9 5
12 90 11
13 64 56
14 27 4
15 78 28
16 70 42
17 3 23
18 21 15
19 66 58
20 10 39
21 11 16
22 74 50
23 11 49
24 7 34
25 37 50
26 76 52
27 30 22
28 61 55
29 81 31
30 38 7
31 32 9
32 86 1
33 95 21
34 7 55
35 9 31
36 22 31
37 12 6
38 97 47
39 42 7
40 93 36
41 72 54
42 5 12
43 83 44
44 70 49
45 15 13
46 49 11
47 55 33
48 25 35
49 33 26
50 30 26
51 71 15
52 6 44
53 33 18
54 81 2
55 97 15
56 19 6
57 86 55
58 40 37
59 91 58
60 67 21
61 39 43
62 84 7
63 55 23
64 54 7
65 91 58
66 89 57
67 58 39
68 14 1
69 51 41
70 17 43
71 88 34
72 22 31
73 83 57
74 81 18
75 34 21
76 97 10
77 33 30
78 65 53
79 94 42
80 45 55
81 3 20
82 21 58
83 99 37
84 50 37
85 78 57
86 73 54
87 33 43
88 48 47
89 98 29
90 11 41
91 21 11
92 41 10
93 8 45
94 92 36
95 98 14
96 55 40
97 90 29
98 26 55
99 78 41
0 72 9
1 25 38
2 86 16
3 57 41
4 40 30
5 23 32
6 56 4
7 17 38
8 47 3
9 96 54
10 16 20
11 94 59
12 98 14
13 9 15
14 80 36
15 0 53
16 83 13
17 59 24
18 10 31
19 84 2
20 27 54
21 13 10
22 84 13
23 1 1
24 49 53
25 52 45
26 1 15
27 71 33
28 89 12
29 22 10
30 14 12
31 64 21
32 6 44
33 90 23
34 85 4
35 87 15
36 52 58
37 17 5
38 75 51
39 75 58
40 15 59
41 52 12
42 42 54
43 87 10
44 63 28
45 28 24
46 53 59
47 89 42
48 7 48
49 23 31
50 37 41
51 54 42
52 62 42
53 90 56
54 56 43
55 77 36
56 97 38
57 83 57
58 11 6
59 86 52
60 47 7
61 94 14
62 26 14
63 52 48
64 35 40
65 13 18
66 64 2
67 41 35
68 32 22
69 14 54
70 9 33
71 19 19
72 6 7
73 62 23
74 14 30
75 5 32
76 71 51
77 65 30
78 27 15
79 55 40
80 55 3
81 29 58
82 84 19
83 89 41
84 75 50
85 64 2
86 66 14
87 30 27
88 50 58
89 95 16
90 65 20
91 93 3
92 22 32
93 9 31
94 21 47
95 87 13
96 76 51
97 5 50
98 7 44
99 13 11
0 55 40
1 16 15
2 12 31
3 86 43
4 28 40
5 82 0
6 24 16
7 87 27
8 49 30
9 69 33
10 21 6
11 80 29
12 44 27
13 37 26
14 75 9
15 82 15
16 82 24
17 22 23
18 53 44
19 5 19
20 73 41
21 42 3
22 99 22
23 25 14
24 42 35
25 44 8
26 56 23
27 46 22
28 19 60
29 44 10
30 28 31
31 45 37
32 31 25
33 0 1
34 35 20
35 0 4
36 84 1
37 10 39
38 17 33
39 89 27
40 96 10
41 6 40
42 53 59
43 26 36
44 89 4
45 21 9
46 69 52
47 48 24
48 95 29
49 74 33
50 20 46
51 16 8
52 43 37
53 24 8
54 39 22
55 78 9
56 25 16
57 36 44
58 13 27
59 11 13
60 87 52
61 26 1
62 38 50
63 16 14
64 28 2
65 60 12
66 18 18
67 88 0
68 49 53
69 99 48
70 79 27
71 90 59
72 3 24
73 31 27
74 16 35
75 39 30
76 9 34
77 12 26
78 71 55
79 17 1
80 16 2
81 80 41
82 60 10
83 23 35
84 8 45
85 79 33
86 82 40
87 83 3
88 68 15
89 67 10
90 3 16
91 17 7
92 25 8
93 75 4
94 61 21
95 12 7
96 46 16
97 3 38
98 2 7
99 98 7
0 52 27
1 52 36
2 85 6
3 84 55
4 14 1
5 30 38
6 51 21
7 6 31
8 4 6
9 21 16
10 48 33
11 33 4
12 38 56
13 29 43
14 35 36
15 41 42
16 62 14
17 23 13
18 4 42
19 86 29
20 60 23
21 57 0
22 82 34
23 83 28
24 7 1
25 4 54
26 92 37
27 55 18
28 98 31
29 47 43
30 62 21
31 75 57
32 90 16
33 58 23
34 58 53
35 6 18
36 55 4
37 8 14
38 23 46
39 37 10
40 94 27
41 4 20
42 78 12
43 5 23
44 19 5
45 73 47
46 79 7
47 21 16
48 23 60
49 78 46
50 83 46
51 82 23
52 10 43
53 57 17
54 13 51
55 19 44
56 91 11
57 22 27
58 98 1
59 4 40
60 82 9
61 62 21
62 78 37
63 58 25
64 87 47
65 23 24
66 98 41
67 32 54
68 56 38
69 92 28
70 3 1
71 68 7
72 57 46
73 39 13
74 51 32
75 92 48
76 47 59
77 53 37
78 49 6
79 69 58
80 36 23
81 39 49
82 24 19
83 3 9
84 38 8
85 19 7
86 10 50
87 87 15
88 8 36
89 2 52
90 61 57
91 72 41
92 39 14
93 71 29
94 99 8
95 50 1
96 5 58
97 73 46
98 84 55
99 41 36
0 46 13
1 87 52
2 26 40
3 53 2
4 45 1
5 22 13
6 45 47
7 67 57
8 39 46
9 21 56
10 82 52
11 96 8
12 64 44
13 61 8
14 8 13
15 6 54
16 51 15
17 49 5
18 96 7
19 48 53
20 4 54
21 88 3
22 5 34
23 17 9
24 35 30
25 82 39
26 93 6
27 20 27
28 31 22
29 90 57
30 93 1
31 28 38
32 63 48
33 29 41
34 54 37
35 79 50
36 90 53
37 3 24
38 50 43
39 67 36
40 96 17
41 23 36
42 3 44
43 11 4
44 30 44
45 38 56
46 92 55
47 31 1
48 63 57
49 20 2
50 90 49
51 94 51
52 84 2
53 81 23
54 45 57
55 29 32
56 5 1
57 75 3
58 97 58
59 37 23
60 64 1
61 66 56
62 6 1
63 3 45
64 85 38
65 82 34
66 79 33
67 84 25
68 84 57
69 8 17
70 15 3
71 79 14
72 20 55
73 94 44
74 66 15
75 86 36
76 14 40
77 52 10
78 36 37
79 17 35
80 10 8
81 84 26
82 28 24
83 33 10
84 28 47
85 46 18
86 38 39
87 7 49
88 96 18
89 6 34
90 57 15
91 62 19
92 32 30
93 29 12
94 89 4
95 99 6
96 58 46
97 48 38
98 32 33
99 42 44
0 26 57
1 76 37
2 71 0
3 30 47
4 76 21
5 39 15
6 36 23
7 31 0
8 35 21
9 17 58
10 64 35
11 97 30
12 21 24
13 54 58
14 15 38
15 32 12
16 99 16
17 45 14
18 93 2
19 89 32
20 10 49
21 26 14
22 52 54
23 82 16
24 19 26
25 17 55
26 96 21
27 68 11
28 32 32
29 4 54
30 43 57
31 77 24
32 42 29
33 90 54
34 70 10
35 89 49
36 28 6
37 35 36
38 70 49
39 76 24
40 3 30
41 4 20
42 58 55
43 9 54
44 57 18
45 40 33
46 41 6
47 49 33
48 98 47
49 89 9
50 48 7
51 58 35
52 75 19
53 11 57
54 14 47
55 46 44
56 27 53
57 68 12
58 48 58
59 77 20
60 84 6
61 91 51
62 21 47
63 89 32
64 65 44
65 40 0
66 36 22
67 6 47
68 13 31
69 34 10
70 47 11
71 70 59
72 100 31
73 84 6
74 77 54
75 10 47
76 35 39
77 56 1
78 92 20
79 8 23
80 65 6
81 50 23
82 28 57
83 4 25
84 33 18
85 40 45
86 7 12
87 90 11
88 64 55
89 64 10
90 13 28
91 3 58
92 66 59
93 57 14
94 81 30
95 87 40
96 3 11
97 81 51
98 21 27
99 21 43
0 7 1
1 87 40
2 47 39
3 75 33
4 67 45
5 99 33
6 18 20
7 78 21
8 8 35
9 34 39
10 27 44
11 61 37
12 51 5
13 42 41
14 11 5
15 86 22
16 5 26
17 2 14
18 14 31
19 15 18
20 4 21
21 11 2
22 16 17
23 68 20
24 42 13
25 20 47
26 22 2
27 79 23
28 65 36
29 8 26
30 11 6
31 86 38
32 20 5
33 90 45
34 81 11
35 99 53
36 15 19
37 90 28
38 98 11
39 11 52
40 98 10
41 8 57
42 93 28
43 3 11
44 44 38
45 91 30
46 26 32
47 63 3
48 68 46
49 68 1
50 80 22
51 10 6
52 54 0
53 21 37
54 13 25
55 99 13
56 42 25
57 64 24
58 29 39
59 60 0
60 11 54
61 72 45
62 48 38
63 33 59
64 20 31
65 15 45
66 95 46
67 81 48
68 69 16
69 50 56
70 25 41
71 14 22
72 57 54
73 59 8
74 30 30
75 14 27
76 63 40
77 95 4
78 92 31
79 6 22
80 15 6
81 84 52
82 30 28
83 80 6
84 6 28
85 98 54
86 22 19
87 66 54
88 35 15
89 18 1
90 29 54
91 34 9
92 65 42
93 35 30
94 28 6
95 99 15
96 66 14
97 7 49
98 87 5
99 45 30
0 33 45
1 66 43
2 38 52
3 71 39
4 19 47
5 27 22
6 23 8
7 9 27
8 50 27
9 32 37
10 30 47
11 9 29
12 40 27
13 94 14
14 65 37
15 38 56
16 28 5
17 38 54
18 15 47
19 65 19
20 9 51
21 35 41
22 6 25
23 91 34
24 91 10
25 18 33
26 79 50
27 24 24
28 35 22
29 74 53
30 53 54
31 55 10
32 22 32
33 7 45
34 74 51
35 16 20
36 15 6
37 97 56
38 39 45
39 1 30
40 4 33
41 21 35
42 72 2
43 92 59
44 88 45
45 1 35
46 30 55
47 80 52
48 44 24
49 1 40
50 22 9
51 74 16
52 44 21
53 33 37
54 22 53
55 14 28
56 7 10
57 37 39
58 1 53
59 29 30
60 24 27
61 62 42
62 62 38
63 60 2
64 32 23
65 45 24
66 78 21
67 36 30
68 41 21
69 80 9
70 99 2
71 19 53
72 82 40
73 47 1
74 11 53
75 45 22
76 51 36
77 24 43
78 13 12
79 79 2
80 26 22
81 33 20
82 28 16
83 12 43
84 46 59
85 24 9
86 41 10
87 50 6
88 41 44
89 40 2
90 5 33
91 26 13
92 9 44
93 58 12
94 88 15
95 21 10
96 12 38
97 72 35
98 42 38
99 96 58
0 76 44
1 43 40
2 96 50
3 33 21
4 91 41
5 92 39
6 46 45
7 51 13
8 18 22
9 23 59
10 98 12
11 12 47
12 55 20
13 78 28
14 8 27
15 73 16
16 53 36
17 80 38
18 41 19
19 14 20
20 22 41
21 2 50
22 19 31
23 6 21
24 99 3
25 34 47
26 25 28
27 86 38
28 25 22
29 62 8
30 63 36
31 25 5
32 16 44
33 9 25
34 91 26
35 82 21
36 42 3
37 92 14
38 80 37
39 62 24
40 88 10
41 45 46
42 38 10
43 9 27
44 1 13
45 22 36
46 23 46
47 87 48
48 39 14
49 88 4
50 66 7
51 5 53
52 10 55
53 62 39
54 10 15
55 84 55
56 29 26
57 13 41
58 84 28
59 64 46
60 79 49
61 21 6
62 94 48
63 26 30
64 17 27
65 12 16
66 19 55
67 8 31
68 70 26
69 16 27
70 26 56
71 38 35
72 22 15
73 96 3
74 6 4
75 2 28
76 38 39
77 92 52
78 10 15
79 47 54
80 82 53
81 8 21
82 37 42
83 77 43
84 14 59
85 74 55
86 99 35
87 84 21
88 77 37
89 42 4
90 38 10
91 60 22
92 86 10
93 51 1
94 95 56
95 88 36
96 39 13
97 89 51
98 13 5
99 7 39
0 1 19
1 2 1
2 81 14
3 16 32
4 74 1
5 89 18
6 5 3
7 14 39
8 27 8
9 90 14
10 9 29
11 2 57
12 89 34
13 70 13
14 60 40
15 3 33
16 23 9
17 96 15
18 89 57
19 79 42
20 13 17
21 60 4
22 67 7
23 39 23
24 13 5
25 83 4
26 8 2
27 27 15
28 97 56
29 58 7
30 4 51
31 97 16
32 64 4
33 81 6
34 1 49
35 14 2
36 85 21
37 84 48
38 3 38
39 78 25
40 20 1
41 36 9
42 5 22
43 25 36
44 66 18
45 11 5
46 87 9
47 49 24
48 4 17
49 17 7
50 90 9
51 10 32
52 3 11
53 5 16
54 50 58
55 28 13
56 89 20
57 57 0
58 0 24
59 59 13
60 19 3
61 76 16
62 16 25
63 58 5
64 72 19
65 80 13
66 47 3
67 24 42
68 37 3
69 64 42
70 7 10
71 32 1
72 63 47
73 5 30
74 76 37
75 70 8
76 22 32
77 30 43
78 6 29
79 99 52
80 52 46
81 68 39
82 82 23
83 25 56
84 17 54
85 5 18
86 39 9
87 53 11
88 36 15
89 42 30
90 3 24
91 56 19
92 14 45
93 53 54
94 90 20
95 95 6
96 73 7
97 39 24
98 37 44
99 87 7
0 32 4
1 1 53
2 87 5
3 84 54
4 38 21
5 12 42
6 38 58
7 61 57
8 0 22
9 67 27
10 73 44
11 96 11
12 29 5
13 47 7
14 5 7
15 69 59
16 22 25
17 57 13
18 63 8
19 88 42
20 88 41
21 22 29
22 69 0
23 12 26
24 14 23
25 34 17
26 3 34
27 11 27
28 41 43
29 58 19
30 23 32
31 74 47
32 70 8
33 27 35
34 14 39
35 96 31
36 33 14
37 51 37
38 47 23
39 84 38
40 27 7
41 6 10
42 76 50
43 36 12
44 61 13
45 95 55
46 57 9
47 97 41
48 14 8
49 73 16
50 60 20
51 85 50
52 2 46
53 30 20
54 73 14
55 43 8
56 15 40
57 1 48
58 8 33
59 31 20
60 16 6
61 95 3
62 94 6
63 67 14
64 42 38
65 61 45
66 22 43
67 45 54
68 13 22
69 33 9
70 42 27
71 94 25
72 1 16
73 8 18
74 5 36
75 72 30
76 74 10
77 87 45
78 70 9
79 67 15
80 87 59
81 28 29
82 8 3
83 61 43
84 97 47
85 82 17
86 76 48
87 87 24
88 7 8
89 63 22
90 59 43
91 19 11
92 33 22
93 11 50
94 80 21
95 19 59
96 62 32
97 26 3
98 78 48
99 51 54
0 41 9
1 52 17
2 96 19
3 23 24
4 82 34
5 83 57
6 79 54
7 41 44
8 26 39
9 42 3
10 58 2
11 12 39
12 92 29
13 68 5
14 74 22
15 0 15
16 51 22
17 27 12
18 43 41
19 59 27
20 93 32
21 98 23
22 29 37
23 2 54
24 22 12
25 79 1
26 20 53
27 23 44
28 80 1
29 60 41
30 11 35
31 39 10
32 69 1
33 95 56
34 54 33
35 83 31
36 89 49
37 83 26
38 71 16
39 2 28
40 79 25
41 31 18
42 86 5
43 67 54
44 74 19
45 45 27
46 55 9
47 93 44
48 80 38
49 95 52
50 90 10
51 46 8
52 44 13
53 100 47
54 61 2
55 56 25
56 54 45
57 85 51
58 12 9
59 36 46
60 32 28
61 51 43
62 28 58
63 10 30
64 95 37
65 99 31
66 38 59
67 41 22
68 33 57
69 8 16
70 87 54
71 26 22
72 32 32
73 32 59
74 91 17
75 8 55
76 23 23
77 96 23
78 39 36
79 44 0
80 68 16
81 25 46
82 1 8
83 19 26
84 9 31
85 10 7
86 62 55
87 24 17
88 1 58
89 38 0
90 84 2
91 20 27
92 47 41
93 10 1
94 88 56
95 42 14
96 19 29
97 25 56
98 33 38
99 17 22
0 87 9
1 11 31
2 84 43
3 48 42
4 90 26
5 3 59
6 33 37
7 16 54
8 97 22
9 8 12
10 74 48
11 84 37
12 68 57
13 44 58
14 7 5
15 77 27
16 59 2
17 45 56
18 42 47
19 36 57
20 84 57
21 96 50
22 29 23
23 17 34
24 14 47
25 89 16
26 3 49
27 86 14
28 68 9
29 36 23
30 54 38
31 58 18
32 98 54
33 14 18
34 59 2
35 34 20
36 15 17
37 58 35
38 92 11
39 70 41
40 74 47
41 96 58
42 71 18
43 41 44
44 39 57
45 80 23
46 79 14
47 73 55
48 24 20
49 48 59
50 83 52
51 80 14
52 48 46
53 1 12
54 40 44
55 13 36
56 24 29
57 9 31
58 73 46
59 63 36
60 18 57
61 3 21
62 4 56
63 89 52
64 82 42
65 39 54
66 15 10
67 49 1
68 97 28
69 82 17
70 31 43
71 89 17
72 77 16
73 29 59
74 55 1
75 78 9
76 8 22
77 19 11
78 24 5
79 62 41
80 26 11
81 8 54
82 80 53
83 57 59
84 40 6
85 2 38
86 20 30
87 24 37
88 35 10
89 10 15
90 23 13
91 85 5
92 63 38
93 23 6
94 75 54
95 48 20
96 99 1
97 31 0
98 98 21
99 6 29
0 89 14
1 54 3
2 60 44
3 31 27
4 81 3
5 17 45
6 44 38
7 65 22
8 53 55
9 43 40
10 10 6
11 36 7
12 33 28
13 69 59
14 99 2
15 89 36
16 88 34
17 88 28
18 19 10
19 57 44
20 27 44
21 86 19
22 17 46
23 91 23
24 35 25
25 74 40
26 79 42
27 26 23
28 7 40
29 89 6
30 11 55
31 65 56
32 8 9
33 19 37
34 69 23
35 53 9
36 44 22
37 54 0
38 62 32
39 69 14
40 64 37
41 83 39
42 41 20
43 46 7
44 7 35
45 16 19
46 99 43
47 72 9
48 7 46
49 83 50
50 93 52
51 77 32
52 80 11
53 69 39
54 39 54
55 37 39
56 35 16
57 91 37
58 29 3
59 12 58
60 6 39
61 15 56
62 80 50
63 83 45
64 18 32
65 17 15
66 14 56
67 28 53
68 36 12
69 48 27
70 36 7
71 74 45
72 45 4
73 75 24
74 42 54
75 72 39
76 58 45
77 65 33
78 14 45
79 30 29
80 60 23
81 65 38
82 94 3
83 28 36
84 27 13
85 10 54
86 48 11
87 71 30
88 98 25
89 6 15
90 11 24
91 35 6
92 33 7
93 59 16
94 44 53
95 98 40
96 41 27
97 68 47
98 40 28
99 85 38
0 46 13
1 2 33
2 61 23
3 97 17
4 76 0
5 2 18
6 39 58
7 9 42
8 82 48
9 8 41
10 15 13
11 1 13
12 66 15
13 82 12
14 3 46
15 18 29
16 35 3
17 31 59
18 14 58
19 98 28
20 13 10
21 96 19
22 35 33
23 68 17
24 0 37
25 23 24
26 11 56
27 61 3
28 55 10
29 22 23
30 55 41
31 41 20
32 25 59
33 51 4
34 88 39
35 76 56
36 54 21
37 82 35
38 66 39
39 38 9
40 27 16
41 41 48
42 34 21
43 12 32
44 57 59
45 18 10
46 41 0
47 90 2
48 32 9
49 31 55
50 94 31
51 29 19
52 26 15
53 80 6
54 3 36
55 2 53
56 83 27
57 90 30
58 39 53
59 18 36
60 96 54
61 19 30
62 44 58
63 85 48
64 94 35
65 89 34
66 80 44
67 10 55
68 8 9
69 22 19
70 41 3
71 89 21
72 51 6
73 87 25
74 2 56
75 21 5
76 93 33
77 19 53
78 17 8
79 17 39
80 60 46
81 14 37
82 13 1
83 36 3
84 55 39
85 78 32
86 13 53
87 74 8
88 21 4
89 62 44
90 91 41
91 20 58
92 85 12
93 32 39
94 25 47
95 91 46
96 25 10
97 28 29
98 95 42
99 18 19
0 27 46
1 42 45
2 73 42
3 3 55
4 69 9
5 14 35
6 44 1
7 85 43
8 39 22
9 54 5
10 4 22
11 65 11
12 87 41
13 92 20
14 29 11
15 50 20
16 71 55
17 72 4
18 90 25
19 68 56
20 10 45
21 67 9
22 86 55
23 34 55
24 85 44
25 66 39
26 24 42
27 68 56
28 21 6
29 82 20
30 8 12
31 87 54
32 66 8
33 84 52
34 75 44
35 30 14
36 80 22
37 21 44
38 68 59
39 86 46
40 96 50
41 45 19
42 23 0
43 55 28
44 61 37
45 38 8
46 20 47
47 29 31
48 3 8
49 13 15
50 28 26
51 9 51
52 49 20
53 71 18
54 24 45
55 48 6
56 81 55
57 58 27
58 28 59
59 28 57
60 96 51
61 2 7
62 94 50
63 20 57
64 85 59
65 52 36
66 6 11
67 64 22
68 66 17
69 29 7
70 52 7
71 67 5
72 73 22
73 71 4
74 16 30
75 2 2
76 4 12
77 78 18
78 26 29
79 75 19
80 23 35
81 65 55
82 89 12
83 60 57
84 35 13
85 30 58
86 18 0
87 88 5
88 35 23
89 22 56
90 79 2
91 39 12
92 43 3
93 4 49
94 68 9
95 4 59
96 26 21
97 83 16
98 40 18
99 43 40
0 38 23
1 37 25
2 95 41
3 79 48
4 89 26
5 56 13
6 56 46
7 81 40
8 57 33
9 66 17
10 0 58
11 84 5
12 30 13
13 57 7
14 20 59
15 3 23
16 92 2
17 40 59
18 31 25
19 29 25
20 36 50
21 38 28
22 57 39
23 85 50
24 52 15
25 9 44
26 41 45
27 28 38
28 42 2
29 90 6
30 63 15
31 55 22
32 86 28
33 18 58
34 18 13
35 40 58
36 11 8
37 5 58
38 75 35
39 12 41
40 69 16
41 61 33
42 80 43
43 95 25
44 53 37
45 99 42
46 82 47
47 52 39
48 94 38
49 99 15
50 22 3
51 68 27
52 39 41
53 54 38
54 93 18
55 57 58
56 64 22
57 48 6
58 26 33
59 81 21
60 8 9
61 78 48
62 4 46
63 99 39
64 92 44
65 52 58
66 18 34
67 7 49
68 55 56
69 25 6
70 87 27
71 72 9
72 55 40
73 18 12
74 75 37
75 5 14
76 80 56
77 68 24
78 27 54
79 18 34
80 92 38
81 24 54
82 82 4
83 46 18
84 17 31
85 50 19
86 75 14
87 84 53
88 9 22
89 14 47
90 65 15
91 55 32
92 12 34
93 93 0
94 56 9
95 28 15
96 47 58
97 29 40
98 17 6
99 11 49
0 8 46
1 89 35
2 37 59
3 38 23
4 18 47
5 9 36
6 93 39
7 96 43
8 34 59
9 18 28
10 45 14
11 18 37
12 29 22
13 28 18
14 14 54
15 76 56
16 84 36
17 37 8
18 45 44
19 81 60
20 29 53
21 37 58
22 82 28
23 7 26
24 31 58
25 84 38
26 54 40
27 51 53
28 5 15
29 32 45
30 36 42
31 62 3
32 15 17
33 69 42
34 28 26
35 40 6
36 69 15
37 36 4
38 54 45
39 94 11
40 98 33
41 49 2
42 56 44
43 29 57
44 53 17
45 52 38
46 37 48
47 83 50
48 21 46
49 37 30
50 34 50
51 32 40
52 53 28
53 8 15
54 74 4
55 31 22
56 9 52
57 47 44
58 80 16
59 88 8
60 9 30
61 44 56
62 26 8
63 20 45
64 54 35
65 16 36
66 92 53
67 98 46
68 31 37
69 83 35
70 27 59
71 89 10
72 10 34
73 81 43
74 53 4
75 36 47
76 34 21
77 86 50
78 17 39
79 46 7
80 69 17
81 84 24
82 4 43
83 64 47
84 60 42
85 79 47
86 24 9
87 11 30
88 80 28
89 0 24
90 56 39
91 78 58
92 17 17
93 15 47
94 96 43
95 60 54
96 19 20
97 55 36
98 13 38
99 30 58
0 24 8
1 34 37
2 33 5
3 29 39
4 94 17
5 50 7
6 92 27
7 53 38
8 64 55
9 24 4
10 51 44
11 25 13
12 54 29
13 13 23
14 46 2
15 24 10
16 79 13
17 13 7
18 53 41
19 31 43
20 95 32
21 94 17
22 97 41
23 100 47
24 25 7
25 87 24
26 15 38
27 54 23
28 1 59
29 46 16
30 56 18
31 100 4
32 55 55
33 13 23
34 47 43
35 94 9
36 98 27
37 43 9
38 57 46
39 34 22
40 93 13
41 92 27
42 5 37
43 32 40
44 33 55
45 20 35
46 18 46
47 48 5
48 92 42
49 40 24
50 55 44
51 50 12
52 1 44
53 21 22
54 25 57
55 36 46
56 97 50
57 21 36
58 22 9
59 49 45
60 55 53
61 98 27
62 24 46
63 94 43
64 94 50
65 1 30
66 69 53
67 84 18
68 79 40
69 69 36
70 85 42
71 4 50
72 93 5
73 77 16
74 12 30
75 23 57
76 70 47
77 71 18
78 70 2
79 20 26
80 40 41
81 27 46
82 32 36
83 38 24
84 52 8
85 40 33
86 37 10
87 10 55
88 17 9
89 49 19
90 41 41
91 46 3
92 61 44
93 40 23
94 43 45
95 46 36
96 51 57
97 50 36
98 11 57
99 71 33
0 56 12
1 40 37
2 11 20
3 58 14
4 9 49
5 33 53
6 55 11
7 25 38
8 37 8
9 18 10
10 78 6
11 13 50
12 79 54
13 40 39
14 90 13
15 49 2
16 24 13
17 64 20
18 61 57
19 24 22
20 37 38
21 55 35
22 46 21
23 0 22
24 81 1
25 57 9
26 24 1
27 7 55
28 88 41
29 11 55
30 96 23
31 21 55
32 21 30
33 74 45
34 65 9
35 47 20
36 45 35
37 96 17
38 15 57
39 78 40
40 60 23
41 6 0
42 99 26
43 38 18
44 47 39
45 62 38
46 89 20
47 47 53
48 93 0
49 22 15
50 33 12
51 88 35
52 91 52
53 23 36
54 77 59
55 34 47
56 98 44
57 77 57
58 40 42
59 3 25
60 12 52
61 60 4
62 75 17
63 34 18
64 5 51
65 91 23
66 31 41
67 75 21
68 11 39
69 93 35
70 20 4
71 39 5
72 99 35
73 98 31
74 78 23
75 63 10
76 34 10
77 9 42
78 73 4
79 40 7
80 58 56
81 19 16
82 87 42
83 34 46
84 30 53
85 25 38
86 90 32
87 82 34
88 82 35
89 88 12
90 10 58
91 83 25
92 88 16
93 53 13
94 75 42
95 49 4
96 99 38
97 7 23
98 78 26
99 2 14
0 70 56
1 77 31
2 42 19
3 87 26
4 42 1
5 88 44
6 97 38
7 1 8
8 55 23
9 46 39
10 20 15
11 11 19
12 35 56
13 65 58
14 69 4
15 49 44
16 31 32
17 72 36
18 8 15
19 47 8
20 91 48
21 94 10
22 78 32
23 96 6
24 86 20
25 80 15
26 74 11
27 29 57
28 12 37
29 49 36
30 59 12
31 3 33
32 73 8
33 92 32
34 30 2
35 85 6
36 86 14
37 96 37
38 52 13
39 92 39
40 66 15
41 2 29
42 70 0
43 43 9
44 75 23
45 15 1
46 75 55
47 7 58
48 98 37
49 90 7
50 24 4
51 30 25
52 84 14
53 17 36
54 90 29
55 4 36
56 80 53
57 41 38
58 18 32
59 27 25
60 27 14
61 61 44
62 4 58
63 84 18
64 86 17
65 32 0
66 85 24
67 91 28
68 33 37
69 87 40
70 95 9
71 80 50
72 34 7
73 79 6
74 84 59
75 42 27
76 7 7
77 36 50
78 95 22
79 52 44
80 52 58
81 79 25
82 63 8
83 25 12
84 91 1
85 10 35
86 12 45
87 82 49
88 87 13
89 63 18
90 25 16
91 5 27
92 48 1
93 28 15
94 4 44
95 36 19
96 84 12
97 7 11
98 87 49
99 28 45
0 19 47
1 49 57
2 47 37
3 71 52
4 64 3
5 26 36
6 36 16
7 43 7
8 5 25
9 82 40
10 1 47
11 9 20
12 44 4
13 59 57
14 27 30
15 37 5
16 1 28
17 81 16
18 86 56
19 29 43
20 79 36
21 5 13
22 44 9
23 94 33
24 76 24
25 26 55
26 78 50
27 63 38
28 37 3
29 68 37
30 92 23
31 32 46
32 7 34
33 91 58
34 17 36
35 85 33
36 10 35
37 41 54
38 31 41
39 56 59
40 90 33
41 6 25
42 63 19
43 67 38
44 37 19
45 72 53
46 79 40
47 2 49
48 62 9
49 47 36
50 46 33
51 25 42
52 30 45
53 28 42
54 50 16
55 3 11
56 22 34
57 88 7
58 12 45
59 90 33
60 96 44
61 9 8
62 55 20
63 87 15
64 76 6
65 34 55
66 93 50
67 47 41
68 86 46
69 56 27
70 2 40
71 83 17
72 90 56
73 31 1
74 94 54
75 26 16
76 93 49
77 2 34
78 24 7
79 52 60
80 53 10
81 7 37
82 40 38
83 11 54
84 11 16
85 60 56
86 9 5
87 90 53
88 43 0
89 53 47
90 26 24
91 3 41
92 70 57
93 22 44
94 54 58
95 85 3
96 38 39
97 6 48
98 9 41
99 99 22
0 67 14
1 2 17
2 50 42
3 57 10
4 35 19
5 15 37
6 22 22
7 44 7
8 30 7
9 24 30
10 96 6
11 11 17
12 57 8
13 51 41
14 46 8
15 67 24
16 0 33
17 32 10
18 30 15
19 97 33
20 42 59
21 79 38
22 37 15
23 10 57
24 76 19
25 90 14
26 71 57
27 58 57
28 92 1
29 78 38
30 56 20
31 61 15
32 50 57
33 57 4
34 57 22
35 56 13
36 59 37
37 46 46
38 37 19
39 32 44
40 12 18
41 42 22
42 66 0
43 41 23
44 15 6
45 26 8
46 49 46
47 99 37
48 37 15
49 5 60
50 59 11
51 77 15
52 86 35
53 24 22
54 74 12
55 4 56
56 20 36
57 52 6
58 83 53
59 22 37
60 90 44
61 78 9
62 76 48
63 34 42
64 21 10
65 87 13
66 48 57
67 63 47
68 65 58
69 57 13
70 3 29
71 44 13
72 50 38
73 32 25
74 41 38
75 80 40
76 22 31
77 65 21
78 7 17
79 1 47
80 69 21
81 93 24
82 28 4
83 71 54
84 5 50
85 85 13
86 86 48
87 98 21
88 85 18
89 3 38
90 74 56
91 26 5
92 75 46
93 21 45
94 40 43
95 51 59
96 40 56
97 38 37
98 87 43
99 4 54
0 57 46
1 98 10
2 90 7
3 82 21
4 47 37
5 41 41
6 30 4
7 40 10
8 63 5
9 12 18
10 2 59
11 8 22
12 34 41
13 6 59
14 52 13
15 15 27
16 85 12
17 88 3
18 36 52
19 45 27
20 67 38
21 26 47
22 65 30
23 17 21
24 51 29
25 47 14
26 66 20
27 18 21
28 46 47
29 77 2
30 21 16
31 65 37
32 62 12
33 11 20
34 23 0
35 81 50
36 9 4
37 27 1
38 84 57
39 48 5
40 14 15
41 84 56
42 32 24
43 13 58
44 88 56
45 35 40
46 84 25
47 18 5
48 98 40
49 41 18
50 57 30
51 83 18
52 91 4
53 85 2
54 55 41
55 17 30
56 5 13
57 58 0
58 46 55
59 81 59
60 37 2
61 1 12
62 36 36
63 11 11
64 95 33
65 24 32
66 30 58
67 80 33
68 48 33
69 12 56
70 17 36
71 2 48
72 38 52
73 34 2
74 87 47
75 67 43
76 45 38
77 32 11
78 61 45
79 61 18
80 33 26
81 60 16
82 21 34
83 8 31
84 21 15
85 2 12
86 45 3
87 67 24
88 64 13
89 92 58
90 46 23
91 93 11
92 66 7
93 66 2
94 15 19
95 95 37
96 92 35
97 43 17
98 48 8
99 53 4
0 54 14
1 17 43
2 18 55
3 75 6
4 23 42
5 61 39
6 53 46
7 73 20
8 6 51
9 10 28
10 50 37
11 80 15
12 73 43
13 2 11
14 68 46
15 47 59
16 21 23
17 88 47
18 13 24
19 22 34
20 52 42
21 93 51
22 81 45
23 21 46
24 95 48
25 16 7
26 18 23
27 86 23
28 92 24
29 25 28
30 15 24
31 59 36
32 60 13
33 31 19
34 99 43
35 14 54
36 37 57
37 79 26
38 85 14
39 1 44
40 39 58
41 98 47
42 31 1
43 95 41
44 93 0
45 74 44
46 12 37
47 90 20
48 1 28
49 71 59
50 76 56
51 54 13
52 35 50
53 13 39
54 31 1
55 33 40
56 52 42
57 24 20
58 60 2
59 0 9
60 9 52
61 3 26
62 83 45
63 32 3
64 49 44
65 41 24
66 47 56
67 42 39
68 38 49
69 42 7
70 18 19
71 5 43
72 56 56
73 51 20
74 74 21
75 26 53
76 49 3
77 55 0
78 14 13
79 25 33
80 27 60
81 92 6
82 98 46
83 96 46
84 58 45
85 5 43
86 5 23
87 6 28
88 53 3
89 41 21
90 32 35
91 89 52
92 59 46
93 8 16
94 98 55
95 20 28
96 73 39
97 30 46
98 87 9
99 42 25
0 89 51
1 33 28
2 38 11
3 2 43
4 86 47
5 26 33
6 14 32
7 98 52
8 79 29
9 79 45
10 95 24
11 4 25
12 6 49
13 41 9
14 87 13
15 96 36
16 13 55
17 98 35
18 44 3
19 67 58
20 27 58
21 83 34
22 17 45
23 84 45
24 48 53
25 96 40
26 51 12
27 34 27
28 2 23
29 89 20
30 5 56
31 67 12
32 25 47
33 74 4
34 64 53
35 24 32
36 33 38
37 60 23
38 94 23
39 77 4
40 23 11
41 31 46
42 28 30
43 57 2
44 39 57
45 5 42
46 23 35
47 36 47
48 29 16
49 81 35
50 72 42
51 76 12
52 34 9
53 3 27
54 40 55
55 35 58
56 36 6
57 87 7
58 21 26
59 20 29
60 31 27
61 19 19
62 77 39
63 88 13
64 95 22
65 94 31
66 28 45
67 72 59
68 70 57
69 35 8
70 48 4
71 10 5
72 67 56
73 0 36
74 64 4
75 5 54
76 31 17
77 63 36
78 29 41
79 14 32
80 63 11
81 99 23
82 93 44
83 72 19
84 31 54
85 15 39
86 80 15
87 21 57
88 47 46
89 46 40
90 11 22
91 5 12
92 32 1
93 54 3
94 5 25
95 2 21
96 29 30
97 51 10
98 73 20
99 79 27
0 6 18
1 96 20
2 5 30
3 71 14
4 85 58
5 92 36
6 12 5
7 76 12
8 67 12
9 27 43
10 53 44
11 7 19
12 49 5
13 78 25
14 4 37
15 82 59
16 58 7
17 54 54
18 96 53
19 75 51
20 32 30
21 84 15
22 72 4
23 79 32
24 40 18
25 6 26
26 78 51
27 7 51
28 24 38
29 72 9
30 5 16
31 73 54
32 4 30
33 32 47
34 16 9
35 68 27
36 18 20
37 30 10
38 54 38
39 46 33
40 11 55
41 9 22
42 12 50
43 62 59
44 97 51
45 72 27
46 17 56
47 31 55
48 71 18
49 2 46
50 40 45
51 97 50
52 36 4
53 88 46
54 6 18
55 52 18
56 91 15
57 74 11
58 36 11
59 89 50
60 19 19
61 74 23
62 43 44
63 5 53
64 90 13
65 96 50
66 47 17
67 90 35
68 7 1
69 72 56
70 94 5
71 20 56
72 53 16
73 25 56
74 26 53
75 58 4
76 42 19
77 81 46
78 64 56
79 64 39
80 82 31
81 2 42
82 25 29
83 47 36
84 93 29
85 87 49
86 87 56
87 6 42
88 71 2
89 53 3
90 16 33
91 66 18
92 56 27
93 92 18
94 13 7
95 47 38
96 92 9
97 83 24
98 27 13
99 29 7
0 28 17
1 97 15
2 43 0
3 13 35
4 37 8
5 99 53
6 53 36
7 28 27
8 29 37
9 95 32
10 27 8
11 55 9
12 60 12
13 11 39
14 29 44
15 4 39
16 51 24
17 72 37
18 13 21
19 98 22
20 1 38
21 30 57
22 31 43
23 63 7
24 5 11
25 81 52
26 29 41
27 38 17
28 9 13
29 90 53
30 91 24
31 25 31
32 47 8
33 36 25
34 75 4
35 45 16
36 8 15
37 15 37
38 76 41
39 15 54
40 62 10
41 96 46
42 59 2
43 4 19
44 83 21
45 64 43
46 78 59
47 2 47
48 12 17
49 89 20
50 81 13
51 82 57
52 92 14
53 45 54
54 53 0
55 11 25
56 11 44
57 84 41
58 26 42
59 49 56
60 44 35
61 78 8
62 25 23
63 87 40
64 10 31
65 76 23
66 77 54
67 34 44
68 58 3
69 28 36
70 31 38
71 97 10
72 45 21
73 66 37
74 8 30
75 60 41
76 6 17
77 85 30
78 0 30
79 10 33
80 85 54
81 9 44
82 11 24
83 13 5
84 16 34
85 64 24
86 79 32
87 96 15
88 85 5
89 87 14
90 40 11
91 13 37
92 36 19
93 7 36
94 21 17
95 89 48
96 62 2
97 28 8
98 78 34
99 95 2
0 99 43
1 73 9
2 88 13
3 67 4
4 10 43
5 78 41
6 38 45
7 42 59
8 83 12
9 54 13
10 13 32
11 42 2
12 90 56
13 37 56
14 31 7
15 20 29
16 73 18
17 73 36
18 76 45
19 52 23
20 28 47
21 47 55
22 12 58
23 95 5
24 15 31
25 31 16
26 39 55
27 62 30
28 67 24
29 92 24
30 26 28
31 55 7
32 77 32
33 46 43
34 8 7
35 81 12
36 99 20
37 37 50
38 59 8
39 1 34
40 24 1
41 24 37
42 58 32
43 16 57
44 29 33
45 13 37
46 2 22
47 4 53
48 24 13
49 63 10
50 26 13
51 81 58
52 32 6
53 1 12
54 68 4
55 81 34
56 10 24
57 82 56
58 72 2
59 17 47
60 73 21
61 83 31
62 97 51
63 93 52
64 57 12
65 5 59
66 46 2
67 18 34
68 23 45
69 46 10
70 46 5
71 23 43
72 59 47
73 37 38
74 22 41
75 21 20
76 77 15
77 25 5
78 23 14
79 41 24
80 18 12
81 90 23
82 21 23
83 79 14
84 74 37
85 17 28
86 49 45
87 56 3
88 72 24
89 23 47
90 89 52
91 86 44
92 46 17
93 44 42
94 31 33
95 25 30
96 5 38
97 92 35
98 41 2
99 3 20
0 44 45
1 61 7
2 35 6
3 6 29
4 12 42
5 88 43
6 37 53
7 22 55
8 53 45
9 96 3
10 62 19
11 36 59
12 15 26
13 15 41
14 89 10
15 9 2
16 48 11
17 90 58
18 67 5
19 66 33
20 85 42
21 32 57
22 59 15
23 82 1
24 21 37
25 81 48
26 85 31
27 55 15
28 88 20
29 25 30
30 5 33
31 56 4
32 56 38
33 60 40
34 86 35
35 75 19
36 49 23
37 29 22
38 96 15
39 8 11
40 79 26
41 51 32
42 30 7
43 45 53
44 8 14
45 50 17
46 55 55
47 49 21
48 52 12
49 21 0
50 17 57
51 51 56
52 29 54
53 32 9
54 35 57
55 22 25
56 78 56
57 71 24
58 28 39
59 65 16
60 7 57
61 27 13
62 23 20
63 80 31
64 13 50
65 72 54
66 93 48
67 80 15
68 99 17
69 86 2
70 9 22
71 67 42
72 98 35
73 3 25
74 75 36
75 34 45
76 62 44
77 7 29
78 59 9
79 2 55
80 17 25
81 22 4
82 85 50
83 60 17
84 67 13
85 70 43
86 33 41
87 28 9
88 34 7
89 79 19
90 51 22
91 71 4
92 92 30
93 7 41
94 50 32
95 77 21
96 52 36
97 49 21
98 10 35
99 38 55
0 36 23
1 35 56
2 87 38
3 50 56
4 78 21
5 68 10
6 82 42
7 64 5
8 60 37
9 38 48
10 65 0
11 86 5
12 2 54
13 0 50
14 22 18
15 8 4
16 2 30
17 22 1
18 19 9
19 10 38
20 77 17
21 16 28
22 56 39
23 35 49
24 48 12
25 43 12
26 46 12
27 73 47
28 26 31
29 93 43
30 67 39
31 35 57
32 10 39
33 46 14
34 92 49
35 55 3
36 58 20
37 5 28
38 12 8
39 88 59
40 86 18
41 79 8
42 47 1
43 50 9
44 79 56
45 44 16
46 40 10
47 35 25
48 68 18
49 40 19
50 85 2
51 96 38
52 3 46
53 44 41
54 62 23
55 78 59
56 68 55
57 68 38
58 24 43
59 10 25
60 63 21
61 66 19
62 17 19
63 40 2
64 29 31
65 73 10
66 70 2
67 64 54
68 32 40
69 29 10
70 51 54
71 63 57
72 17 18
73 96 52
74 58 7
75 100 11
76 3 9
77 6 14
78 54 38
79 23 23
80 30 30
81 41 40
82 62 60
83 74 17
84 76 17
85 24 23
86 51 17
87 37 13
88 37 59
89 2 59
90 64 36
91 73 17
92 66 18
93 38 54
94 88 16
95 73 53
96 46 1
97 61 18
98 48 45
99 54 38
0 0 29
1 49 37
2 97 36
3 13 45
4 68 27
5 76 39
6 35 58
7 8 39
8 51 55
9 30 33
10 98 4
11 9 21
12 93 10
13 60 4
14 33 40
15 3 28
16 60 24
17 54 58
18 44 42
19 95 23
20 55 57
21 96 15
22 36 43
23 94 13
24 33 6
25 74 1
26 92 6
27 97 7
28 36 20
29 79 48
30 90 45
31 33 47
32 82 25
33 80 18
34 97 35
35 79 53
36 0 56
37 29 29
38 84 31
39 36 45
40 66 4
41 29 32
42 98 8
43 61 14
44 80 34
45 73 48
46 63 44
47 24 0
48 73 44
49 66 22
50 21 24
51 83 38
52 83 37
53 39 6
54 47 54
55 76 43
56 36 8
57 52 56
58 6 52
59 68 24
60 3 45
61 11 35
62 87 14
63 91 13
64 83 50
65 59 45
66 99 6
67 38 42
68 84 16
69 82 35
70 84 28
71 51 20
72 17 4
73 95 35
74 6 32
75 15 39
76 36 20
77 2 17
78 96 36
79 19 6
80 92 38
81 79 58
82 23 41
83 98 15
84 58 4
85 46 35
86 24 0
87 2 9
88 81 26
89 94 47
90 79 30
91 92 13
92 98 19
93 89 45
94 28 22
95 68 8
96 2 28
97 43 25
98 93 51
99 57 46
0 11 2
1 45 16
2 33 5
3 3 3
4 15 47
5 12 35
6 93 38
7 29 10
8 18 53
9 26 14
10 62 12
11 39 26
12 64 9
13 59 55
14 62 43
15 15 10
16 10 25
17 45 40
18 77 16
19 68 55
20 15 24
21 78 47
22 96 5
23 80 46
24 70 30
25 52 28
26 6 52
27 84 2
28 24 56
29 13 39
30 17 44
31 10 55
32 28 57
33 25 46
34 88 55
35 8 41
36 72 21
37 49 33
38 5 53
39 7 11
40 62 44
41 89 6
42 10 39
43 95 51
44 73 57
45 47 19
46 40 2
47 82 22
48 59 1
49 19 18
50 23 15
51 91 26
52 28 8
53 21 20
54 72 11
55 60 39
56 87 46
57 10 3
58 19 38
59 10 43
60 42 42
61 38 22
62 4 35
63 13 36
64 63 7
65 4 28
66 42 18
67 25 29
68 2 59
69 30 11
70 47 38
71 20 40
72 60 13
73 75 17
74 87 31
75 16 11
76 14 35
77 78 34
78 12 32
79 91 36
80 72 49
81 44 47
82 50 4
83 37 58
84 46 6
85 69 15
86 89 35
87 66 54
88 80 18
89 96 12
90 1 33
91 49 59
92 37 32
93 63 5
94 59 36
95 57 40
96 61 30
97 85 56
98 33 7
99 77 29
0 67 4
1 91 41
2 56 7
3 29 17
4 0 57
5 63 39
6 37 25
7 5 30
8 8 14
9 6 0
10 20 8
11 32 2
12 26 44
13 70 9
14 67 0
15 81 51
16 31 23
17 71 30
18 37 40
19 42 41
20 57 40
21 87 14
22 58 38
23 44 13
24 26 15
25 49 14
26 72 51
27 10 46
28 41 7
29 80 56
30 87 14
31 8 11
32 60 37
33 66 21
34 44 24
35 93 30
36 73 59
37 100 54
38 60 3
39 47 10
40 37 49
41 56 11
42 97 11
43 70 35
44 95 19
45 96 8
46 80 21
47 66 42
48 7 40
49 84 4
50 79 20
51 83 20
52 47 15
53 7 59
54 87 31
55 38 27
56 31 10
57 84 19
58 8 16
59 1 17
60 86 12
61 13 26
62 16 24
63 54 45
64 41 46
65 16 54
66 88 17
67 13 45
68 0 43
69 50 20
70 20 57
71 32 33
72 49 27
73 75 9
74 29 6
75 59 45
76 1 17
77 15 28
78 85 24
79 52 55
80 93 29
81 33 46
82 33 16
83 36 42
84 12 42
85 41 45
86 96 12
87 94 55
88 39 6
89 34 27
90 85 12
91 88 14
92 71 54
93 61 39
94 92 2
95 93 40
96 90 27
97 82 19
98 82 22
99 97 9
0 56 38
1 1 19
2 27 39
3 23 7
4 45 24
5 53 45
6 0 50
7 13 43
8 86 11
9 53 16
10 3 36
11 75 39
12 9 1
13 86 48
14 12 21
15 23 43
16 3 36
17 79 35
18 99 38
19 72 39
20 46 1
21 88 52
22 30 55
23 18 55
24 18 26
25 24 57
26 25 31
27 6 54
28 5 17
29 36 56
30 92 2
31 31 56
32 36 16
33 95 38
34 50 1
35 5 39
36 49 23
37 97 51
38 93 19
39 44 32
40 8 4
41 84 57
42 5 12
43 19 5
44 93 46
45 65 30
46 44 48
47 15 22
48 49 6
49 97 26
50 31 59
51 12 8
52 81 15
53 60 54
54 26 59
55 18 40
56 10 51
57 68 30
58 87 29
59 2 5
60 85 26
61 59 32
62 31 58
63 24 41
64 1 11
65 82 59
66 42 20
67 46 32
68 86 46
69 2 42
70 9 3
71 9 52
72 68 40
73 84 11
74 4 57
75 89 27
76 40 42
77 16 42
78 19 47
79 100 45
80 50 10
81 48 47
82 21 55
83 72 22
84 99 41
85 46 54
86 32 1
87 23 29
88 41 20
89 89 30
90 79 31
91 89 50
92 76 1
93 32 30
94 87 27
95 73 12
96 41 25
97 85 51
98 13 42
99 81 10
0 75 30
1 89 41
2 10 58
3 38 12
4 6 54
5 13 56
6 86 37
7 69 32
8 80 34
9 82 21
10 2 18
11 83 41
12 18 10
13 20 13
14 20 5
15 89 48
16 4 4
17 28 2
18 81 15
19 47 24
20 28 33
21 7 47
22 66 12
23 19 35
24 54 15
25 95 41
26 75 43
27 20 39
28 10 28
29 49 22
30 64 45
31 13 1
32 85 6
33 73 44
34 82 10
35 80 56
36 33 37
37 35 43
38 21 27
39 93 11
40 35 7
41 64 47
42 0 54
43 86 17
44 13 59
45 96 55
46 72 4
47 92 59
48 25 58
49 55 19
50 11 21
51 42 30
52 8 6
53 18 36
54 76 3
55 16 18
56 13 14
57 53 47
58 7 59
59 11 44
60 18 8
61 69 45
62 93 42
63 64 14
64 94 25
65 42 53
66 48 7
67 9 4
68 51 37
69 46 36
70 59 15
71 44 43
72 0 20
73 46 9
74 57 58
75 12 19
76 16 5
77 28 3
78 76 16
79 16 59
80 59 18
81 37 39
82 57 30
83 47 24
84 23 11
85 9 30
86 30 44
87 43 24
88 77 15
89 92 40
90 52 7
91 6 22
92 36 21
93 2 49
94 75 35
95 71 50
96 75 39
97 88 42
98 97 53
99 52 16
0 54 18
1 97 8
2 23 57
3 74 37
4 30 14
5 53 53
6 34 55
7 22 16
8 81 52
9 92 11
10 36 15
11 84 11
12 92 51
13 90 43
14 22 34
15 43 3
16 41 15
17 90 15
18 62 24
19 28 30
20 26 54
21 96 33
22 44 56
23 61 16
24 7 22
25 96 30
26 88 4
27 23 0
28 4 10
29 65 57
30 76 16
31 97 24
32 35 2
33 70 10
34 43 4
35 66 16
36 63 59
37 79 58
38 83 34
39 95 51
40 93 7
41 31 46
42 71 59
43 15 55
44 50 30
45 4 29
46 34 55
47 13 46
48 74 42
49 94 20
50 57 15
51 76 37
52 90 52
53 83 11
54 39 50
55 7 12
56 76 39
57 77 56
58 58 12
59 36 46
60 26 47
61 85 24
62 18 13
63 78 51
64 99 37
65 65 17
66 53 5
67 58 36
68 7 12
69 49 36
70 75 23
71 16 16
72 99 22
73 45 23
74 13 11
75 6 52
76 93 52
77 95 7
78 84 36
79 56 35
80 95 23
81 3 52
82 36 12
83 60 16
84 65 0
85 99 60
86 96 28
87 6 37
88 72 52
89 2 42
90 54 22
91 57 40
92 43 8
93 24 38
94 22 27
95 35 41
96 33 53
97 4 33
98 87 15
99 85 2
0 16 10
1 76 36
2 2 17
3 99 33
4 76 58
5 80 25
6 17 24
7 82 48
8 15 29
9 63 59
10 79 23
11 21 56
12 70 51
13 47 33
14 34 9
15 84 51
16 46 33
17 29 35
18 62 23
19 14 21
20 56 17
21 83 47
22 38 3
23 74 22
24 82 22
25 35 27
26 40 2
27 14 15
28 11 3
29 3 14
30 74 14
31 29 13
32 87 51
33 95 33
34 58 43
35 47 48
36 40 57
37 70 7
38 21 39
39 36 27
40 22 6
41 41 1
42 3 19
43 27 54
44 20 34
45 12 29
46 59 41
47 54 5
48 92 6
49 49 7
50 43 22
51 66 19
52 55 56
53 56 22
54 64 40
55 9 15
56 20 53
57 23 42
58 88 27
59 33 56
60 79 58
61 3 43
62 23 6
63 24 45
64 5 14
65 35 46
66 22 35
67 79 12
68 23 55
69 54 10
70 4 40
71 59 57
72 28 11
73 73 2
74 11 51
75 69 42
76 96 27
77 5 33
78 3 43
79 5 34
80 20 40
81 79 8
82 74 52
83 16 33
84 89 31
85 34 32
86 13 45
87 73 23
88 90 16
89 61 15
90 78 16
91 46 11
92 14 1
93 80 22
94 19 57
95 20 14
96 9 7
97 73 27
98 3 22
99 61 2
0 51 40
1 47 1
2 22 59
3 91 52
4 99 59
5 91 46
6 79 34
7 93 26
8 29 19
9 78 17
10 3 59
11 93 58
12 49 22
13 79 52
14 17 26
15 59 56
16 57 20
17 27 14
18 4 16
19 16 34
20 38 25
21 99 34
22 95 45
23 22 26
24 56 55
25 69 39
26 87 39
27 94 2
28 89 8
29 31 1
30 30 0
31 52 48
32 80 2
33 28 56
34 25 37
35 77 2
36 74 39
37 78 12
38 84 28
39 71 1
40 39 26
41 22 24
42 40 55
43 24 46
44 99 13
45 40 18
46 81 42
47 88 35
48 51 30
49 12 57
50 86 9
51 88 58
52 57 27
53 18 53
54 4 21
55 86 22
56 78 31
57 58 3
58 55 21
59 44 37
60 91 3
61 61 18
62 8 25
63 46 2
64 6 11
65 89 5
66 26 3
67 84 51
68 81 13
69 12 29
70 64 47
71 39 38
72 25 56
73 3 43
74 64 24
75 25 6
76 67 0
77 27 6
78 76 41
79 19 30
80 80 3
81 34 53
82 35 24
83 1 31
84 61 44
85 83 48
86 0 53
87 20 13
88 54 53
89 57 10
90 11 52
91 20 53
92 56 24
93 6 14
94 68 55
95 68 38
96 70 16
97 70 55
98 99 28
99 12 25
0 90 20
1 39 17
2 12 6
3 88 13
4 69 58
5 63 27
6 49 19
7 37 59
8 27 30
9 84 3
10 94 25
11 8 34
12 93 53
13 74 54
14 2 3
15 79 33
16 36 39
17 79 52
18 15 46
19 14 32
20 1 59
21 87 36
22 96 20
23 55 24
24 7 52
25 27 12
26 91 4
27 11 8
28 42 4
29 99 29
30 96 32
31 34 24
32 61 48
33 13 35
34 72 40
35 2 43
36 42 3
37 65 58
38 95 39
39 77 34
40 25 58
41 19 7
42 1 6
43 1 50
44 96 58
45 35 5
46 41 23
47 31 37
48 99 58
49 85 8
50 43 7
51 98 57
52 4 44
53 46 23
54 27 18
55 10 33
56 20 34
57 19 22
58 31 38
59 51 39
60 29 55
61 19 11
62 25 2
63 45 40
64 35 45
65 73 38
66 48 23
67 52 45
68 23 36
69 18 5
70 38 16
71 13 34
72 49 9
73 29 19
74 91 23
75 0 3
76 23 24
77 73 45
78 6 38
79 95 19
80 91 52
81 99 44
82 63 13
83 93 37
84 38 7
85 12 33
86 64 7
87 83 41
88 6 55
89 47 44
90 46 20
91 19 45
92 89 54
93 73 21
94 2 25
95 6 39
96 13 2
97 55 47
98 33 21
99 99 35
0 8 51
1 22 39
2 89 9
3 36 57
4 94 57
5 79 30
6 11 57
7 15 21
8 67 13
9 98 35
10 34 39
11 25 5
12 90 16
13 70 53
14 65 42
15 61 22
16 27 25
17 92 49
18 65 6
19 5 16
20 18 30
21 27 22
22 74 3
23 60 23
24 41 43
25 99 25
26 7 1
27 20 41
28 20 12
29 41 22
30 57 16
31 21 4
32 4 1
33 99 21
34 33 58
35 99 57
36 89 55
37 43 55
38 87 15
39 19 8
40 83 25
41 91 56
42 80 10
43 4 43
44 72 47
45 97 54
46 88 5
47 65 11
48 20 40
49 50 8
50 83 28
51 36 8
52 23 31
53 60 33
54 10 34
55 87 12
56 73 1
57 12 31
58 82 55
59 6 13
60 47 53
61 66 8
62 3 14
63 52 53
64 76 26
65 71 8
66 36 45
67 12 18
68 86 0
69 73 3
70 58 27
71 29 26
72 66 59
73 16 36
74 50 8
75 12 43
76 9 29
77 85 13
78 24 56
79 74 7
80 59 20
81 53 24
82 25 12
83 38 50
84 11 0
85 86 42
86 47 3
87 63 58
88 49 15
89 5 55
90 96 8
91 44 8
92 53 0
93 83 18
94 87 58
95 31 27
96 30 23
97 22 44
98 83 46
99 18 23
0 96 46
1 64 12
2 71 48
3 36 42
4 91 47
5 45 58
6 89 25
7 96 14
8 15 11
9 54 22
10 76 18
11 10 33
12 48 45
13 83 30
14 40 23
15 35 42
16 63 14
17 62 23
18 80 40
19 83 26
20 66 18
21 77 45
22 79 36
23 94 15
24 83 2
25 52 33
26 65 44
27 99 25
28 80 14
29 92 32
30 88 53
31 27 3
32 76 44
33 77 42
34 37 42
35 71 30
36 7 40
37 51 10
38 89 45
39 94 48
40 6 34
41 31 6
42 11 18
43 11 20
44 94 37
45 75 40
46 70 1
47 89 48
48 90 6
49 60 41
50 52 16
51 46 21
52 3 23
53 20 54
54 90 38
55 99 25
56 90 22
57 57 22
58 59 55
59 21 39
60 19 53
61 32 43
62 23 39
63 79 35
64 96 25
65 62 20
66 30 6
67 44 4
68 84 27
69 23 53
70 87 49
71 60 0
72 15 55
73 4 10
74 46 17
75 22 28
76 84 51
77 18 18
78 96 18
79 37 54
80 36 1
81 92 37
82 81 15
83 15 21
84 90 25
85 91 51
86 96 49
87 38 46
88 70 14
89 28 44
90 34 22
91 25 4
92 18 23
93 24 3
94 77 39
95 70 53
96 62 20
97 39 44
98 90 54
99 6 50
0 85 34
1 3 43
2 37 51
3 84 28
4 68 54
5 19 5
6 98 59
7 98 41
8 38 22
9 92 18
10 9 36
11 50 20
12 35 53
13 78 53
14 32 44
15 14 15
16 3 43
17 93 35
18 2 4
19 0 56
20 76 15
21 63 27
22 24 0
23 45 41
24 26 26
25 58 36
26 94 29
27 91 49
28 17 20
29 65 19
30 91 37
31 79 53
32 18 4
33 20 23
34 24 21
35 61 55
36 5 29
37 95 18
38 40 36
39 34 55
40 18 34
41 87 12
42 82 16
43 18 25
44 12 2
45 65 2
46 42 43
47 79 41
48 82 32
49 19 44
50 15 33
51 46 44
52 41 13
53 94 29
54 66 22
55 38 41
56 65 6
57 24 54
58 97 27
59 96 23
60 88 13
61 8 2
62 74 17
63 81 14
64 77 25
65 19 37
66 27 9
67 0 54
68 88 57
69 48 42
70 44 47
71 58 30
72 95 53
73 51 2
74 3 56
75 87 54
76 91 0
77 81 36
78 27 31
79 75 33
80 20 20
81 23 6
82 27 15
83 46 30
84 52 32
85 44 39
86 5 10
87 89 39
88 36 33
89 29 39
90 52 4
91 11 43
92 13 38
93 2 18
94 45 59
95 81 5
96 95 57
97 22 5
98 85 56
99 95 48
0 73 47
1 85 40
2 41 16
3 29 40
4 55 42
5 97 9
6 48 30
7 48 42
8 98 44
9 5 3
10 23 13
11 42 3
12 4 6
13 95 23
14 12 35
15 28 39
16 7 4
17 20 45
18 35 18
19 75 38
20 24 20
21 62 20
22 61 18
23 4 0
24 15 40
25 5 17
26 89 2
27 51 33
28 3 19
29 76 58
30 52 21
31 26 8
32 60 39
33 43 40
34 1 48
35 90 18
36 12 50
37 63 19
38 65 59
39 13 32
40 43 19
41 30 8
42 8 36
43 19 26
44 96 34
45 93 8
46 56 4
47 21 39
48 78 50
49 92 22
50 87 13
51 56 8
52 82 41
53 69 32
54 67 9
55 86 17
56 61 46
57 4 7
58 10 53
59 96 8
60 87 6
61 89 15
62 46 13
63 41 41
64 76 54
65 52 59
66 94 1
67 72 40
68 88 16
69 59 0
70 63 12
71 81 38
72 93 8
73 55 44
74 10 2
75 21 42
76 38 49
77 28 6
78 44 21
79 20 40
80 34 25
81 25 32
82 70 48
83 81 8
84 96 6
85 19 55
86 41 22
87 97 49
88 44 3
89 79 15
90 52 55
91 92 5
92 33 27
93 57 8
94 76 46
95 55 17
96 2 8
97 72 47
98 97 58
99 6 23
0 6 44
1 89 8
2 28 0
3 94 49
4 52 54
5 16 59
6 31 33
7 50 40
8 89 5
9 50 53
10 87 20
11 18 27
12 20 24
13 81 7
14 77 34
15 60 27
16 23 3
17 44 58
18 69 14
19 42 2
20 21 14
21 17 10
22 47 8
23 52 39
24 61 15
25 76 52
26 77 58
27 79 22
28 24 37
29 74 57
30 26 45
31 40 20
32 53 2
33 24 42
34 49 12
35 7 56
36 29 41
37 12 42
38 3 32
39 2 43
40 28 31
41 86 54
42 69 12
43 11 58
44 67 58
45 68 43
46 17 21
47 66 58
48 6 42
49 36 38
50 83 57
51 59 54
52 12 45
53 47 5
54 93 34
55 23 1
56 27 54
57 1 27
58 78 20
59 18 29
60 47 24
61 28 4
62 53 48
63 28 27
64 60 45
65 78 58
66 80 19
67 63 23
68 75 40
69 80 54
70 89 4
71 6 12
72 51 43
73 45 13
74 38 7
75 74 39
76 66 58
77 37 25
78 31 37
79 26 37
80 14 6
81 0 29
82 49 30
83 78 53
84 24 35
85 54 2
86 91 49
87 56 23
88 75 30
89 42 11
90 84 56
91 6 55
92 62 15
93 3 41
94 80 19
95 49 59
96 70 40
97 83 37
98 85 19
99 37 17
0 31 26
1 75 24
2 32 26
3 32 9
4 71 40
5 19 36
6 19 47
7 35 38
8 34 59
9 32 20
10 34 12
11 38 6
12 96 53
13 30 43
14 20 55
15 26 23
16 60 42
17 86 44
18 72 49
19 55 11
20 45 54
21 7 42
22 78 6
23 96 9
24 76 20
25 73 21
26 49 6
27 13 3
28 25 1
29 98 25
30 25 16
31 5 27
32 8 54
33 82 44
34 92 37
35 84 29
36 95 17
37 12 24
38 92 6
39 27 16
40 85 44
41 2 17
42 91 18
43 63 37
44 59 59
45 87 10
46 33 59
47 13 42
48 23 56
49 11 48
50 80 49
51 53 45
52 73 27
53 15 57
54 85 53
55 5 51
56 61 15
57 77 59
58 96 50
59 88 16
60 27 21
61 50 8
62 34 44
63 98 12
64 80 50
65 1 18
66 40 43
67 30 5
68 51 42
69 57 45
70 59 21
71 39 26
72 10 4
73 74 39
74 27 2
75 68 4
76 11 50
77 59 1
78 61 42
79 35 42
80 16 46
81 7 33
82 98 27
83 17 13
84 77 25
85 30 17
86 64 4
87 69 42
88 6 16
89 32 56
90 8 0
91 83 40
92 58 1
93 10 41
94 70 49
95 80 53
96 45 58
97 26 33
98 64 54
99 83 41
0 16 19
1 88 12
2 3 6
3 1 20
4 39 53
5 68 8
6 71 24
7 34 39
8 71 6
9 7 6
10 44 18
11 71 50
12 96 39
13 57 44
14 74 4
15 71 7
16 37 3
17 15 5
18 49 45
19 44 20
20 22 58
21 58 46
22 72 58
23 82 59
24 34 24
25 17 47
26 25 46
27 77 23
28 49 18
29 74 41
30 99 3
31 72 36
32 36 55
33 52 9
34 60 58
35 59 43
36 32 13
37 4 19
38 94 22
39 16 16
40 36 21
41 6 43
42 48 8
43 99 3
44 73 27
45 11 8
46 39 6
47 39 32
48 69 13
49 18 54
50 89 50
51 19 8
52 20 37
53 15 45
54 81 4
55 9 59
56 35 30
57 39 52
58 59 19
59 72 51
60 87 29
61 60 21
62 71 22
63 62 20
64 28 31
65 30 21
66 45 3
67 6 45
68 59 39
69 15 22
70 46 1
71 62 2
72 45 4
73 88 5
74 37 2
75 93 28
76 40 13
77 91 4
78 5 2
79 50 22
80 84 55
81 76 49
82 33 32
83 81 26
84 88 32
85 42 37
86 21 25
87 68 4
88 31 24
89 36 46
90 64 56
91 14 53
92 87 10
93 8 16
94 60 11
95 14 40
96 45 35
97 96 14
98 95 22
99 40 14
0 95 34
1 43 22
2 77 13
3 82 38
4 59 28
5 16 15
6 8 8
7 42 42
8 82 16
9 71 7
10 16 4
11 1 12
12 38 58
13 25 33
14 18 40
15 95 29
16 27 11
17 70 7
18 98 35
19 46 33
20 39 52
21 26 25
22 78 21
23 16 59
24 1 40
25 23 34
26 29 39
27 82 15
28 30 44
29 91 3
30 87 26
31 66 19
32 10 22
33 1 42
34 19 59
35 97 54
36 48 55
37 7 4
38 63 33
39 20 12
40 13 11
41 13 38
42 59 23
43 63 9
44 22 8
45 18 2
46 50 36
47 22 15
48 48 6
49 18 8
50 4 49
51 84 58
52 21 31
53 9 9
54 99 58
55 74 12
56 80 43
57 91 34
58 6 24
59 68 24
60 5 34
61 23 54
62 76 42
63 47 58
64 99 36
65 50 38
66 43 53
67 72 27
68 76 42
69 25 21
70 99 38
71 71 55
72 82 57
73 25 3
74 86 1
75 65 6
76 18 2
77 10 34
78 29 21
79 14 9
80 75 42
81 59 9
82 65 7
83 24 10
84 56 18
85 63 2
86 46 19
87 61 1
88 53 36
89 19 45
90 26 26
91 54 10
92 24 40
93 96 10
94 86 9
95 25 13
96 100 45
97 79 59
98 35 42
99 14 28
0 3 20
1 39 19
2 30 23
3 57 15
4 39 20
5 18 24
6 64 21
7 58 22
8 11 1
9 60 45
10 68 27
11 50 39
12 30 53
13 10 37
14 28 46
15 53 12
16 40 35
17 7 8
18 70 13
19 78 12
20 87 50
21 29 37
22 32 18
23 89 30
24 81 44
25 67 24
26 3 41
27 10 30
28 19 20
29 9 20
30 78 1
31 46 40
32 71 38
33 83 21
34 73 57
35 54 56
36 93 49
37 36 18
38 12 19
39 55 46
40 21 2
41 97 48
42 80 22
43 81 54
44 16 21
45 92 11
46 31 3
47 44 59
48 95 15
49 72 12
50 97 7
51 42 7
52 37 50
53 29 22
54 52 36
55 28 36
56 86 50
57 57 14
58 52 3
59 32 12
60 97 36
61 5 2
62 1 48
63 5 14
64 90 23
65 44 45
66 3 11
67 76 11
68 4 2
69 35 27
70 1 56
71 1 1
72 90 14
73 80 19
74 85 51
75 13 34
76 41 27
77 89 55
78 87 28
79 37 41
80 10 7
81 66 37
82 91 45
83 93 55
84 67 1
85 36 17
86 26 25
87 7 47
88 12 32
89 25 29
90 4 57
91 59 9
92 98 32
93 74 46
94 22 19
95 7 55
96 87 28
97 45 27
98 45 6
99 17 31
0 57 54
1 87 2
2 90 32
3 82 5
4 43 17
5 13 19
6 14 39
7 25 46
8 2 14
9 60 9
10 86 28
11 11 18
12 5 42
13 8 11
14 3 13
15 30 40
16 31 29
17 50 37
18 7 28
19 24 4
20 88 8
21 87 25
22 65 9
23 47 37
24 72 10
25 95 25
26 8 31
27 1 40
28 12 57
29 23 34
30 35 9
31 53 46
32 96 37
33 68 38
34 26 53
35 19 56
36 51 59
37 22 32
38 99 39
39 26 10
40 56 38
41 86 6
42 75 24
43 36 17
44 13 17
45 94 37
46 37 59
47 93 47
48 73 14
49 47 24
50 7 53
51 49 18
52 6 48
53 45 3
54 67 57
55 53 1
56 3 29
57 7 24
58 28 37
59 69 22
60 91 0
61 71 46
62 14 11
63 96 37
64 40 24
65 71 0
66 16 28
67 64 20
68 80 32
69 96 9
70 28 31
71 6 8
72 10 15
73 84 59
74 61 24
75 80 29
76 69 36
77 70 21
78 42 18
79 6 51
80 85 47
81 9 12
82 84 7
83 83 38
84 56 11
85 78 4
86 37 39
87 77 38
88 61 24
89 51 13
90 90 59
91 27 25
92 79 0
93 5 7
94 93 1
95 21 24
96 85 7
97 95 25
98 52 46
99 89 37
0 28 37
1 67 16
2 38 44
3 74 48
4 50 15
5 15 8
6 47 19
7 91 47
8 41 30
9 98 36
10 62 36
11 41 16
12 16 44
13 6 43
14 94 55
15 37 57
16 59 44
17 64 30
18 55 32
19 56 11
20 44 43
21 11 31
22 10 38
23 82 41
24 69 36
25 65 36
26 47 7
27 15 43
28 20 4
29 9 52
30 13 19
31 28 38
32 89 5
33 75 3
34 2 22
35 15 16
36 42 11
37 73 40
38 20 6
39 57 39
40 4 17
41 6 39
42 42 53
43 46 60
44 87 19
45 47 46
46 83 57
47 96 5
48 26 14
49 93 25
50 5 16
51 98 56
52 76 56
53 59 53
54 79 37
55 12 31
56 25 24
57 32 41
58 78 15
59 20 24
60 16 29
61 32 37
62 15 4
63 55 36
64 73 36
65 92 23
66 58 54
67 84 43
68 93 6
69 89 57
70 16 18
71 12 19
72 82 36
73 92 12
74 58 19
75 51 57
76 31 57
77 13 14
78 23 59
79 78 11
80 94 38
81 26 15
82 13 8
83 6 34
84 92 5
85 13 45
86 76 6
87 90 26
88 13 23
89 67 18
90 97 54
91 66 56
92 52 53
93 14 58
94 92 31
95 83 27
96 78 18
97 9 24
98 19 12
99 86 21
0 71 18
1 63 32
2 22 40
3 35 56
4 33 44
5 24 57
6 97 48
7 53 41
8 68 12
9 91 47
10 77 50
11 82 50
12 41 2
13 37 56
14 56 20
15 38 4
16 6 39
17 45 23
18 6 30
19 86 4
20 79 43
21 57 24
22 51 1
23 97 36
24 43 19
25 11 32
26 11 2
27 72 40
28 43 55
29 20 11
30 99 0
31 12 13
32 91 43
33 23 40
34 47 6
35 83 24
36 46 38
37 42 57
38 70 4
39 37 45
40 95 41
41 13 53
42 18 37
43 7 40
44 39 47
45 20 56
46 63 43
47 78 26
48 63 19
49 33 12
50 13 31
51 92 4
52 79 34
53 41 32
54 76 37
55 79 56
56 18 2
57 93 39
58 92 32
59 62 58
60 64 46
61 93 32
62 83 11
63 84 30
64 32 10
65 58 18
66 52 55
67 67 47
68 65 11
69 97 56
70 56 35
71 90 49
72 99 47
73 67 9
74 71 29
75 51 32
76 67 5
77 93 11
78 96 1
79 6 20
80 98 22
81 33 28
82 99 24
83 34 59
84 23 59
85 21 1
86 36 51
87 39 2
88 71 36
89 96 19
90 3 59
91 55 22
92 1 49
93 94 8
94 99 51
95 67 1
96 45 22
97 54 42
98 10 44
99 97 31
0 39 38
1 85 19
2 62 21
3 14 21
4 10 25
5 5 49
6 66 56
7 5 31
8 28 2
9 38 54
10 40 55
11 28 24
12 18 18
13 12 17
14 35 20
15 39 17
16 9 14
17 60 8
18 79 19
19 98 51
20 81 28
21 54 15
22 98 10
23 19 18
24 42 19
25 82 2
26 61 16
27 54 43
28 43 44
29 21 2
30 63 12
31 58 19
32 82 18
33 66 36
34 96 39
35 59 46
36 14 24
37 28 31
38 99 15
39 18 22
40 61 20
41 43 7
42 89 48
43 29 41
44 89 23
45 50 7
46 34 0
47 49 39
48 68 16
49 89 16
50 15 25
51 62 42
52 62 32
53 51 38
54 10 59
55 6 55
56 6 37
57 92 12
58 97 35
59 27 18
60 66 14
61 69 47
62 35 39
63 19 35
64 29 19
65 50 18
66 33 17
67 84 42
68 41 47
69 13 34
70 23 7
71 83 10
72 60 41
73 30 54
74 10 52
75 90 2
76 78 58
77 8 47
78 15 38
79 21 10
80 83 5
81 44 6
82 36 54
83 42 38
84 13 40
85 9 48
86 4 28
87 39 17
88 24 2
89 91 2
90 16 38
91 59 13
92 36 45
93 43 13
94 46 47
95 95 7
96 85 28
97 3 3
98 39 51
99 59 17
0 87 37
1 18 55
2 39 27
3 65 18
4 58 47
5 72 16
6 32 17
7 5 42
8 9 5
9 17 57
10 80 54
11 21 11
12 2 3
13 27 46
14 14 45
15 33 44
16 70 33
17 99 12
18 98 59
19 9 36
20 2 14
21 14 37
22 3 48
23 88 2
24 13 47
25 9 34
26 1 6
27 32 17
28 68 37
29 45 54
30 84 32
31 45 11
32 73 47
33 95 2
34 21 26
35 43 33
36 42 14
37 51 45
38 84 15
39 74 20
40 66 43
41 56 10
42 18 32
43 43 43
44 18 55
45 29 15
46 34 23
47 59 27
48 30 27
49 31 23
50 1 1
51 73 43
52 88 59
53 51 46
54 25 41
55 0 46
56 90 17
57 18 47
58 56 2
59 2 53
60 49 41
61 55 35
62 12 4
63 21 29
64 12 33
65 65 27
66 34 1
67 68 47
68 77 14
69 20 16
70 20 10
71 70 55
72 22 22
73 8 39
74 95 39
75 13 14
76 7 55
77 96 4
78 13 43
79 9 22
80 55 27
81 72 41
82 6 4
83 90 23
84 50 27
85 44 45
86 99 11
87 81 46
88 91 34
89 9 10
90 64 39
91 94 16
92 63 45
93 51 40
94 54 43
95 82 15
96 85 9
97 89 44
98 100 4
99 36 23
0 36 58
1 35 11
2 5 19
3 57 21
4 12 50
5 43 57
6 92 34
7 98 45
8 38 1
9 81 14
10 1 7
11 42 24
12 23 57
13 32 11
14 37 51
15 19 20
16 72 58
17 2 60
18 56 9
19 18 28
20 9 10
21 7 44
22 53 45
23 99 54
24 33 21
25 65 25
26 64 9
27 46 32
28 11 11
29 81 14
30 58 55
31 81 7
32 50 24
33 83 12
34 45 24
35 2 13
36 46 9
37 6 1
38 30 57
39 14 6
40 88 15
41 59 4
42 4 32
43 98 12
44 20 11
45 83 22
46 14 30
47 86 7
48 58 19
49 65 36
50 83 36
51 77 30
52 87 20
53 24 18
54 5 20
55 88 44
56 56 45
57 94 29
58 41 14
59 24 55
60 61 41
61 83 9
62 12 58
63 47 4
64 97 20
65 55 23
66 53 17
67 81 26
68 63 24
69 39 11
70 22 33
71 76 38
72 16 15
73 87 7
74 42 46
75 65 23
76 7 26
77 97 17
78 11 26
79 1 47
80 47 56
81 22 4
82 94 15
83 6 13
84 21 19
85 39 37
86 22 56
87 1 4
88 39 4
89 52 9
90 1 55
91 13 45
92 25 18
93 11 54
94 76 51
95 46 38
96 65 17
97 4 7
98 85 6
99 52 40
0 69 14
1 81 40
2 46 18
3 92 26
4 17 46
5 13 3
6 45 53
7 24 11
8 11 21
9 2 19
10 5 0
11 30 14
12 98 20
13 97 11
14 29 27
15 87 42
16 5 48
17 23 22
18 63 42
19 34 54
20 11 33
21 46 38
22 90 36
23 87 50
24 86 32
25 40 23
26 89 27
27 77 46
28 33 26
29 10 30
30 57 27
31 90 42
32 99 12
33 18 44
34 4 10
35 94 57
36 32 47
37 8 3
38 4 8
39 46 7
40 85 19
41 90 5
42 99 21
43 47 42
44 37 13
45 43 46
46 96 20
47 95 3
48 10 11
49 17 5
50 5 54
51 37 42
52 74 43
53 86 28
54 44 28
55 1 13
56 40 51
57 10 55
58 32 1
59 44 18
60 73 25
61 38 24
62 84 3
63 30 36
64 61 8
65 86 13
66 24 32
67 76 54
68 70 13
69 25 37
70 42 1
71 79 35
72 92 39
73 18 19
74 31 13
75 2 53
76 90 7
77 60 36
78 72 53
79 39 15
80 62 38
81 88 45
82 35 58
83 12 18
84 58 12
85 77 26
86 36 32
87 24 4
88 60 22
89 34 30
90 69 22
91 74 45
92 82 58
93 29 21
94 24 21
95 83 6
96 59 37
97 35 56
98 13 56
99 91 46
0 74 28
1 57 57
2 97 21
3 80 5
4 47 13
5 21 32
6 84 58
7 60 20
8 33 9
9 41 46
10 49 38
11 92 47
12 10 28
13 25 33
14 33 7
15 26 42
16 75 2
17 94 37
18 25 43
19 10 20
20 48 8
21 18 4
22 32 8
23 98 6
24 48 25
25 5 30
26 79 9
27 55 1
28 67 22
29 58 1
30 48 47
31 83 48
32 17 59
33 43 7
34 76 51
35 52 12
36 23 40
37 69 45
38 7 30
39 73 50
40 48 33
41 38 6
42 71 35
43 34 4
44 10 39
45 20 39
46 35 43
47 87 41
48 35 16
49 39 26
50 41 59
51 64 21
52 9 30
53 48 4
54 74 23
55 67 58
56 38 32
57 67 30
58 24 59
59 80 53
60 97 32
61 70 46
62 92 39
63 42 30
64 78 52
65 51 30
66 84 40
67 4 32
68 62 16
69 82 8
70 54 18
71 86 52
72 76 14
73 13 56
74 48 56
75 56 55
76 64 30
77 65 39
78 9 31
79 96 44
80 50 4
81 70 27
82 91 8
83 83 36
84 47 32
85 40 33
86 1 30
87 90 6
88 61 4
89 28 29
90 85 56
91 26 37
92 10 14
93 58 35
94 3 5
95 34 6
96 13 6
97 40 42
98 57 35
99 13 22
0 95 51
1 99 55
2 70 12
3 31 3
4 91 50
5 81 5
6 89 57
7 3 18
8 26 41
9 92 24
10 49 4
11 89 45
12 91 55
13 85 12
14 92 20
15 57 22
16 51 45
17 37 48
18 10 25
19 79 51
20 54 19
21 46 21
22 18 23
23 48 30
24 93 59
25 31 30
26 7 33
27 16 2
28 82 10
29 13 9
30 5 21
31 70 2
32 93 4
33 34 35
34 77 1
35 79 53
36 35 40
37 68 58
38 98 11
39 74 21
40 33 20
41 31 15
42 24 5
43 68 12
44 19 27
45 55 22
46 96 37
47 72 11
48 31 13
49 33 4
50 44 59
51 27 29
52 55 22
53 60 23
54 79 2
55 47 21
56 75 53
57 81 31
58 38 20
59 27 3
60 96 41
61 10 43
62 72 1
63 75 42
64 63 19
65 51 2
66 18 36
67 42 57
68 95 57
69 72 43
70 89 15
71 26 18
72 30 56
73 78 20
74 32 30
75 95 20
76 1 45
77 32 5
78 18 33
79 82 1
80 93 9
81 7 28
82 53 30
83 41 30
84 96 55
85 85 28
86 4 50
87 56 43
88 24 2
89 83 12
90 84 45
91 89 40
92 71 57
93 32 43
94 66 23
95 5 13
96 85 45
97 46 57
98 52 11
99 78 43
0 0 40
1 75 22
2 29 0
3 22 37
4 21 45
5 18 27
6 68 55
7 91 28
8 78 33
9 57 27
10 38 25
11 51 40
12 40 55
13 76 55
14 83 11
15 71 49
16 38 23
17 86 2
18 10 29
19 37 22
20 96 14
21 100 13
22 0 5
23 4 8
24 91 57
25 34 24
26 12 21
27 75 43
28 79 22
29 32 29
30 12 23
31 20 1
32 29 55
33 42 23
34 22 34
35 6 38
36 97 49
37 84 28
38 34 8
39 85 22
40 64 56
41 60 35
42 4 4
43 84 50
44 1 29
45 20 12
46 3 37
47 6 53
48 19 14
49 14 8
50 70 16
51 54 25
52 16 17
53 39 18
54 26 36
55 5 15
56 41 44
57 0 55
58 7 56
59 93 6
60 97 23
61 92 17
62 38 3
63 98 16
64 58 39
65 64 38
66 74 55
67 10 29
68 9 4
69 1 60
70 75 55
71 72 0
72 12 30
73 54 56
74 63 46
75 87 2
76 56 9
77 70 23
78 79 50
79 68 23
80 6 28
81 4 4
82 3 51
83 63 46
84 18 18
85 8 22
86 95 59
87 83 2
88 7 17
89 1 56
90 5 7
91 28 40
92 62 10
93 8 10
94 96 58
95 74 50
96 24 44
97 83 48
98 26 20
99 9 49
0 84 48
1 62 12
2 82 45
3 9 19
4 2 9
5 13 34
6 72 18
7 76 17
8 54 60
9 69 6
10 68 39
11 8 24
12 48 10
13 27 26
14 51 13
15 5 25
16 72 51
17 40 12
18 16 27
19 95 10
20 87 5
21 99 32
22 77 51
23 54 15
24 65 43
25 6 48
26 83 3
27 48 24
28 86 35
29 11 23
30 70 15
31 35 20
32 0 34
33 78 60
34 69 38
35 18 43
36 91 34
37 11 58
38 21 59
39 80 29
40 88 1
41 81 35
42 98 57
43 79 8
44 60 2
45 55 6
46 48 36
47 57 54
48 43 18
49 22 4
50 20 4
51 6 20
52 3 37
53 21 56
54 14 34
55 43 17
56 84 41
57 70 37
58 58 43
59 71 12
60 25 59
61 55 57
62 10 34
63 2 33
64 7 54
65 46 13
66 26 13
67 39 27
68 82 8
69 3 9
70 3 59
71 13 9
72 62 43
73 74 53
74 3 18
75 24 46
76 66 59
77 90 51
78 62 41
79 8 18
80 37 56
81 68 41
82 38 37
83 18 29
84 11 34
85 55 11
86 11 44
87 15 12
88 66 45
89 27 24
90 71 24
91 90 45
92 80 22
93 4 1
94 98 15
95 85 16
96 58 13
97 84 25
98 35 42
99 33 17
0 24 37
1 98 38
2 51 27
3 96 20
4 30 30
5 68 43
6 44 5
7 94 30
8 45 35
9 25 45
10 98 46
11 40 26
12 58 24
13 12 20
14 43 55
15 77 1
16 71 33
17 35 40
18 99 13
19 44 16
20 91 6
21 27 39
22 84 3
23 85 24
24 93 36
25 58 15
26 95 40
27 20 46
28 88 42
29 36 22
30 25 6
31 96 16
32 1 2
33 48 30
34 43 38
35 15 28
36 58 14
37 62 40
38 41 57
39 77 46
40 20 26
41 38 44
42 82 11
43 34 48
44 57 6
45 95 6
46 87 50
47 61 36
48 83 46
49 95 0
50 93 53
51 2 54
52 24 39
53 53 53
54 85 19
55 14 12
56 47 5
57 47 1
58 91 1
59 37 47
60 59 20
61 61 6
62 97 5
63 35 18
64 97 34
65 2 40
66 91 48
67 77 48
68 81 20
69 3 46
70 90 32
71 10 45
72 26 27
73 28 44
74 49 36
75 20 30
76 32 47
77 9 21
78 96 7
79 66 35
80 5 22
81 88 57
82 73 24
83 70 0
84 26 45
85 97 42
86 86 12
87 90 51
88 6 40
89 85 13
90 81 39
91 32 2
92 58 16
93 49 41
94 69 20
95 35 52
96 33 19
97 36 7
98 45 37
99 39 38
0 0 52
1 89 11
2 51 23
3 23 19
4 38 53
5 62 57
6 80 51
7 52 41
8 69 19
9 49 56
10 25 13
11 98 40
12 22 47
13 53 39
14 70 40
15 99 35
16 55 21
17 33 54
18 92 24
19 28 3
20 55 4
21 15 3
22 36 1
23 15 20
24 37 41
25 80 18
26 61 9
27 30 2
28 13 22
29 2 46
30 71 40
31 36 15
32 13 56
33 62 2
34 81 31
35 36 44
36 26 59
37 23 19
38 89 24
39 68 16
40 28 11
41 29 36
42 37 57
43 16 1
44 76 12
45 16 34
46 21 36
47 76 35
48 99 23
49 70 60
50 11 34
51 81 27
52 84 3
53 87 32
54 5 51
55 33 44
56 45 47
57 63 1
58 39 43
59 20 12
60 40 44
61 11 23
62 73 26
63 35 40
64 49 22
65 74 57
66 72 24
67 48 19
68 95 16
69 3 47
70 58 37
71 32 27
72 22 20
73 35 29
74 14 29
75 13 34
76 10 2
77 98 3
78 69 6
79 10 24
80 68 3
81 82 37
82 21 56
83 29 3
84 4 10
85 30 43
86 37 44
87 9 59
88 52 40
89 87 28
90 72 8
91 93 24
92 79 51
93 9 36
94 69 3
95 49 14
96 22 28
97 17 23
98 29 36
99 47 46
0 79 10
1 79 9
2 39 15
3 83 32
4 5 36
5 3 42
6 69 3
7 31 38
8 77 42
9 8 10
10 9 5
11 47 45
12 56 43
13 5 58
14 51 45
15 20 55
16 17 41
17 18 30
18 86 49
19 61 17
20 86 1
21 92 58
22 22 44
23 89 53
24 48 30
25 67 43
26 74 4
27 39 2
28 70 6
29 24 40
30 62 44
31 90 16
32 85 45
33 28 58
34 99 45
35 7 21
36 87 38
37 43 45
38 5 1
39 65 20
40 14 57
41 89 3
42 37 4
43 52 40
44 93 1
45 4 51
46 94 31
47 85 38
48 24 18
49 32 17
50 17 57
51 12 20
52 95 13
53 94 38
54 72 10
55 29 41
56 63 22
57 50 15
58 39 39
59 46 24
60 18 53
61 3 24
62 61 40
63 85 39
64 4 19
65 61 24
66 36 58
67 61 58
68 51 9
69 40 0
70 25 19
71 4 6
72 8 59
73 63 23
74 85 43
75 76 57
76 8 13
77 92 12
78 42 35
79 57 32
80 46 30
81 2 32
82 73 51
83 27 41
84 6 8
85 80 2
86 65 22
87 6 26
88 6 13
89 71 4
90 66 55
91 60 3
92 49 24
93 92 34
94 21 39
95 20 45
96 31 58
97 55 38
98 80 44
99 37 7
0 23 34
1 13 6
2 12 10
3 7 34
4 10 26
5 0 51
6 12 30
7 32 37
8 89 4
9 68 3
10 43 11
11 92 31
12 22 31
13 22 59
14 92 13
15 47 39
16 1 1
17 95 34
18 59 8
19 27 11
20 55 38
21 20 59
22 44 14
23 71 5
24 13 33
25 35 55
26 67 47
27 89 27
28 19 32
29 7 34
30 91 36
31 15 3
32 39 37
33 75 43
34 93 38
35 82 1
36 62 35
37 80 5
38 16 39
39 27 36
40 69 8
41 11 46
42 70 8
43 93 40
44 2 42
45 47 18
46 58 20
47 8 43
48 99 54
49 12 24
50 91 52
51 10 28
52 31 23
53 97 3
54 32 30
55 19 55
56 7 55
57 41 19
58 79 22
59 82 22
60 78 51
61 32 57
62 93 25
63 35 23
64 88 40
65 38 5
66 19 24
67 97 12
68 44 11
69 75 2
70 89 47
71 46 16
72 62 45
73 32 54
74 9 58
75 78 27
76 30 9
77 66 18
78 98 9
79 86 0
80 45 44
81 76 58
82 24 28
83 62 6
84 72 1
85 46 58
86 17 2
87 80 56
88 85 17
89 98 24
90 36 15
91 82 6
92 2 18
93 2 43
94 4 30
95 61 59
96 36 45
97 7 55
98 47 8
99 62 55
0 84 57
1 11 54
2 25 11
3 2 39
4 53 46
5 98 9
6 26 9
7 31 53
8 19 23
9 16 14
10 19 53
11 56 7
12 78 12
13 21 18
14 23 13
15 64 13
16 65 16
17 16 11
18 46 7
19 5 32
20 68 38
21 17 21
22 98 38
23 41 57
24 42 7
25 63 7
26 74 54
27 5 49
28 3 1
29 8 58
30 42 44
31 62 55
32 93 51
33 2 56
34 83 35
35 8 35
36 52 2
37 1 43
38 86 26
39 78 26
40 70 59
41 62 16
42 16 35
43 17 11
44 25 37
45 31 44
46 62 21
47 68 55
48 4 57
49 70 27
50 14 25
51 5 30
52 2 48
53 95 3
54 73 23
55 35 53
56 20 9
57 20 14
58 15 42
59 51 7
60 17 12
61 30 26
62 34 3
63 79 1
64 15 19
65 98 37
66 88 36
67 68 21
68 74 17
69 18 1
70 75 51
71 14 13
72 82 17
73 32 21
74 15 20
75 83 52
76 88 4
77 44 43
78 38 45
79 90 1
80 42 10
81 53 10
82 52 27
83 4 59
84 18 10
85 54 55
86 37 53
87 95 16
88 88 5
89 85 32
90 69 23
91 38 18
92 15 1
93 36 26
94 19 19
95 32 20
96 41 5
97 70 53
98 67 44
99 45 22
0 1 49
1 88 32
2 9 33
3 99 8
4 22 56
5 71 56
6 65 0
7 85 56
8 96 40
9 79 43
10 52 54
11 92 51
12 92 50
13 76 21
14 2 46
15 25 57
16 2 13
17 83 36
18 19 14
19 15 18
20 4 9
21 93 35
22 58 35
23 41 7
24 83 3
25 35 52
26 34 27
27 28 5
28 20 44
29 36 10
30 48 24
31 93 35
32 37 43
33 1 0
34 49 39
35 97 36
36 74 57
37 78 36
38 14 27
39 67 37
40 44 16
41 37 21
42 70 23
43 41 4
44 80 45
45 11 9
46 65 2
47 11 56
48 79 42
49 47 12
50 85 12
51 28 53
52 52 47
53 56 46
54 7 56
55 98 52
56 77 39
57 13 23
58 28 54
59 73 20
60 17 31
61 75 18
62 82 53
63 73 12
64 78 19
65 45 27
66 54 44
67 17 13
68 49 2
69 28 14
70 49 46
71 94 18
72 16 37
73 52 9
74 11 19
75 72 19
76 78 17
77 51 17
78 47 12
79 12 1
80 20 30
81 17 24
82 81 49
83 14 18
84 60 13
85 62 45
86 58 8
87 36 50
88 70 7
89 79 58
90 73 8
91 28 36
92 52 17
93 49 57
94 12 47
95 36 35
96 40 21
97 70 30
98 61 47
99 90 23
0 91 42
1 94 31
2 9 40
3 85 16
4 1 41
5 86 1
6 4 37
7 20 57
8 13 15
9 19 46
10 8 55
11 55 46
12 15 12
13 63 44
14 93 3
15 22 22
16 31 25
17 32 8
18 2 14
19 3 30
20 89 7
21 68 18
22 42 7
23 49 20
24 16 15
25 47 53
26 73 57
27 6 39
28 70 22
29 99 41
30 37 1
31 83 7
32 62 14
33 58 42
34 2 22
35 4 53
36 10 40
37 54 58
38 12 48
39 92 56
40 71 44
41 41 43
42 4 40
43 21 55
44 15 28
45 15 43
46 42 17
47 2 54
48 34 47
49 63 32
50 58 22
51 45 56
52 19 47
53 31 26
54 92 17
55 85 5
56 50 20
57 22 11
58 66 40
59 49 41
60 4 50
61 18 42
62 78 47
63 70 2
64 44 20
65 25 9
66 75 55
67 21 2
68 31 4
69 9 44
70 89 55
71 4 48
72 8 24
73 72 35
74 80 40
75 0 52
76 8 18
77 92 59
78 38 44
79 86 8
80 1 27
81 41 6
82 10 1
83 79 16
84 2 34
85 78 15
86 40 18
87 76 52
88 55 22
89 73 1
90 16 33
91 26 14
92 53 39
93 0 18
94 67 13
95 41 58
96 32 27
97 6 8
98 62 60
99 91 33
0 39 49
1 4 51
2 2 18
3 88 15
4 29 24
5 52 59
6 55 8
7 70 41
8 43 59
9 38 48
10 45 46
11 90 22
12 98 56
13 56 47
14 20 41
15 95 24
16 58 1
17 4 57
18 98 18
19 15 23
20 52 54
21 15 54
22 91 40
23 73 33
24 5 12
25 33 54
26 4 30
27 81 42
28 18 59
29 84 26
30 34 12
31 83 45
32 18 18
33 78 26
34 22 2
35 80 41
36 51 22
37 34 6
38 50 23
39 66 18
40 51 56
41 18 12
42 24 42
43 33 47
44 65 57
45 45 23
46 16 14
47 25 58
48 47 20
49 9 34
50 39 22
51 98 15
52 35 26
53 71 1
54 59 45
55 27 37
56 6 52
57 78 14
58 93 15
59 83 46
60 98 39
61 70 27
62 5 33
63 60 56
64 98 54
65 41 35
66 30 37
67 48 16
68 8 38
69 25 59
70 59 37
71 91 30
72 37 11
73 90 19
74 66 18
75 78 5
76 67 41
77 66 30
78 31 4
79 48 1
80 14 6
81 97 26
82 48 16
83 66 29
84 18 24
85 31 1
86 8 8
87 97 16
88 7 12
89 88 20
90 30 5
91 75 52
92 72 49
93 67 38
94 23 46
95 53 40
96 19 10
97 28 20
98 71 58
99 83 45
0 51 19
1 16 35
2 16 16
3 22 27
4 94 56
5 75 33
6 3 34
7 52 38
8 37 5
9 77 35
10 1 39
11 21 12
12 7 0
13 93 54
14 30 39
15 27 24
16 80 50
17 42 43
18 48 39
19 46 3
20 95 5
21 56 41
22 100 55
23 44 53
24 13 16
25 78 39
26 64 32
27 3 26
28 74 1
29 25 30
30 31 10
31 1 17
32 55 3
33 16 26
34 64 46
35 51 59
36 94 1
37 29 18
38 21 34
39 61 7
40 96 51
41 67 10
42 50 15
43 3 51
44 98 1
45 95 53
46 2 17
47 73 52
48 37 37
49 94 55
50 47 55
51 5 39
52 28 36
53 31 46
54 7 30
55 29 54
56 84 21
57 98 1
58 98 16
59 60 22
60 80 27
61 36 26
62 85 39
63 98 31
64 80 55
65 24 22
66 6 30
67 50 54
68 77 39
69 77 2
70 16 57
71 3 29
72 43 13
73 57 13
74 33 21
75 22 10
76 94 5
77 47 36
78 84 3
79 75 38
80 12 30
81 6 55
82 98 17
83 54 3
84 92 37
85 99 49
86 85 57
87 44 1
88 0 47
89 57 10
90 79 20
91 40 16
92 10 38
93 9 57
94 18 48
95 96 29
96 31 19
97 39 16
98 1 19
99 75 0
0 19 19
1 15 16
2 80 30
3 86 28
4 89 30
5 83 49
6 79 40
7 25 32
8 45 21
9 39 40
10 85 12
11 67 55
12 77 30
13 15 29
14 97 55
15 37 5
16 99 16
17 66 47
18 72 6
19 28 5
20 75 59
21 66 22
22 65 18
23 84 38
24 74 20
25 39 9
26 3 5
27 30 38
28 74 24
29 5 24
30 7 39
31 34 42
32 87 42
33 48 7
34 21 13
35 92 10
36 55 54
37 81 50
38 30 43
39 98 16
40 34 25
41 6 53
42 83 8
43 38 55
44 16 22
45 97 3
46 2 1
47 40 37
48 80 51
49 89 3
50 64 39
51 7 50
52 10 26
53 99 59
54 97 23
55 72 44
56 32 8
57 96 25
58 3 22
59 27 30
60 35 54
61 51 0
62 3 14
63 46 32
64 8 3
65 69 23
66 51 43
67 65 57
68 41 12
69 39 23
70 61 13
71 19 39
72 44 17
73 39 17
74 88 30
75 13 41
76 38 20
77 6 32
78 42 15
79 41 9
80 10 36
81 76 56
82 28 57
83 21 1
84 75 56
85 24 21
86 94 46
87 79 1
88 91 49
89 3 8
90 16 32
91 58 39
92 55 8
93 32 47
94 45 12
95 35 7
96 85 13
97 58 57
98 20 4
99 44 24
0 96 20
1 58 14
2 4 3
3 50 36
4 84 29
5 1 35
6 92 17
7 2 52
8 22 4
9 34 29
10 30 58
11 47 40
12 49 25
13 57 55
14 43 38
15 96 18
16 80 16
17 13 21
18 76 19
19 70 3
20 10 25
21 94 54
22 4 39
23 4 30
24 82 38
25 28 54
26 3 39
27 25 47
28 70 46
29 99 40
30 56 14
31 5 6
32 27 56
33 36 14
34 67 42
35 35 21
36 26 45
37 92 57
38 62 14
39 73 49
40 17 26
41 79 12
42 3 26
43 40 51
44 83 4
45 42 6
46 33 10
47 65 20
48 70 23
49 23 30
50 11 20
51 9 52
52 45 19
53 81 2
54 93 22
55 97 59
56 11 51
57 64 3
58 21 47
59 37 38
60 81 43
61 2 1
62 3 40
63 45 36
64 83 11
65 77 22
66 68 59
67 91 58
68 41 16
69 99 10
70 40 47
71 73 44
72 32 18
73 21 12
74 39 33
75 17 22
76 29 14
77 89 43
78 8 41
79 50 40
80 86 11
81 60 59
82 99 27
83 92 32
84 18 58
85 22 53
86 93 32
87 90 48
88 84 52
89 16 17
90 25 23
91 96 31
92 19 17
93 16 6
94 17 4
95 15 29
96 46 24
97 58 1
98 61 23
99 55 43
0 73 7
1 48 9
2 86 24
3 90 25
4 98 21
5 27 59
6 90 46
7 78 37
8 72 40
9 71 24
10 21 14
11 92 52
12 4 20
13 18 40
14 7 23
15 20 19
16 7 32
17 71 55
18 9 9
19 87 20
20 34 12
21 28 30
22 13 50
23 38 26
24 63 37
25 48 56
26 69 55
27 52 0
28 82 53
29 3 15
30 8 43
31 79 0
32 29 24
33 83 6
34 87 22
35 69 44
36 18 3
37 90 8
38 23 18
39 9 42
40 96 34
41 16 33
42 42 35
43 33 57
44 30 14
45 12 57
46 20 13
47 24 43
48 67 46
49 11 22
50 35 3
51 3 0
52 49 55
53 66 54
54 22 22
55 27 27
56 99 44
57 63 14
58 80 27
59 62 37
60 76 30
61 14 10
62 44 38
63 15 58
64 10 13
65 98 2
66 83 42
67 37 15
68 34 10
69 56 2
70 72 56
71 36 41
72 93 32
73 78 25
74 93 34
75 10 43
76 31 22
77 49 47
78 93 23
79 16 8
80 65 8
81 19 26
82 29 8
83 9 59
84 95 20
85 92 28
86 81 23
87 11 7
88 54 44
89 91 55
90 25 44
91 71 16
92 49 1
93 44 18
94 85 14
95 68 14
96 17 17
97 95 55
98 18 25
99 93 23
0 26 54
1 15 21
2 58 6
3 64 25
4 73 50
5 12 37
6 75 7
7 12 11
8 64 24
9 47 32
10 17 19
11 15 29
12 75 1
13 19 23
14 11 28
15 45 18
16 97 55
17 38 52
18 65 21
19 99 37
20 43 45
21 14 4
22 48 55
23 68 43
24 59 22
25 26 6
26 63 55
27 1 38
28 40 57
29 5 21
30 61 3
31 92 51
32 87 44
33 19 6
34 2 14
35 26 31
36 64 43
37 2 21
38 66 40
39 38 6
40 95 53
41 27 57
42 5 32
43 10 49
44 18 18
45 11 59
46 5 9
47 87 10
48 79 51
49 7 32
50 76 46
51 18 33
52 91 33
53 79 38
54 18 17
55 26 54
56 67 44
57 70 12
58 85 30
59 62 39
60 17 35
61 94 34
62 16 29
63 97 16
64 22 40
65 68 41
66 87 45
67 62 19
68 34 4
69 28 21
70 89 22
71 60 57
72 53 18
73 95 56
74 44 46
75 77 35
76 78 53
77 89 54
78 65 45
79 40 43
80 10 21
81 87 33
82 90 16
83 3 56
84 67 9
85 41 36
86 37 48
87 5 51
88 94 44
89 66 20
90 29 29
91 31 19
92 98 53
93 45 1
94 20 35
95 18 28
96 87 39
97 15 16
98 10 46
99 40 43
0 93 40
1 94 7
2 49 37
3 90 57
4 91 0
5 75 19
6 86 31
7 71 53
8 33 10
9 51 17
10 79 36
11 66 32
12 18 47
13 53 55
14 87 24
15 28 55
16 99 24
17 10 12
18 16 45
19 16 12
20 14 28
21 55 16
22 3 28
23 62 18
24 76 14
25 43 1
26 36 47
27 33 55
28 60 17
29 11 32
30 87 34
31 23 59
32 15 40
33 27 8
34 12 56
35 8 40
36 42 27
37 83 23
38 46 33
39 59 36
40 58 39
41 79 9
42 86 6
43 4 27
44 77 1
45 1 31
46 4 22
47 20 26
48 29 40
49 6 6
50 70 36
51 28 10
52 100 22
53 73 3
54 25 25
55 82 35
56 18 4
57 48 15
58 72 28
59 79 21
60 20 47
61 15 1
62 1 21
63 63 27
64 64 9
65 84 14
66 36 9
67 6 35
68 73 36
69 64 39
70 32 11
71 67 15
72 10 49
73 57 16
74 69 40
75 87 46
76 16 45
77 14 1
78 96 11
79 21 22
80 30 7
81 90 47
82 29 30
83 28 26
84 77 52
85 65 58
86 1 3
87 72 56
88 83 10
89 49 27
90 24 15
91 59 59
92 65 28
93 8 34
94 68 23
95 81 38
96 90 48
97 99 30
98 99 10
99 81 21
0 93 11
1 97 20
2 99 38
3 83 58
4 60 36
5 60 14
6 69 45
7 70 17
8 75 15
9 48 58
10 15 38
11 9 18
12 37 45
13 94 9
14 10 46
15 5 34
16 18 8
17 86 45
18 88 25
19 17 18
20 95 14
21 95 42
22 48 14
23 2 44
24 44 17
25 35 37
26 59 19
27 83 4
28 74 9
29 74 30
30 66 25
31 86 20
32 67 48
33 6 2
34 42 15
35 21 20
36 67 16
37 62 2
38 4 37
39 8 27
40 10 0
41 49 15
42 58 47
43 20 42
44 17 24
45 95 31
46 41 13
47 25 29
48 1 18
49 97 41
50 80 45
51 13 35
52 92 23
53 56 58
54 24 15
55 4 42
56 77 35
57 75 33
58 62 43
59 76 44
60 76 1
61 15 10
62 86 2
63 37 50
64 96 12
65 30 17
66 94 8
67 28 24
68 67 16
69 25 45
70 65 55
71 47 13
72 24 2
73 23 43
74 99 53
75 17 22
76 37 16
77 72 7
78 97 51
79 2 31
80 90 44
81 29 37
82 61 7
83 68 6
84 66 36
85 88 19
86 89 48
87 15 8
88 65 54
89 27 28
90 1 53
91 43 56
92 96 40
93 83 53
94 56 42
95 99 49
96 2 7
97 38 52
98 89 15
99 96 23
0 90 33
1 57 11
2 0 35
3 29 31
4 77 52
5 37 26
6 82 53
7 75 4
8 8 30
9 60 43
10 34 37
11 40 16
12 66 17
13 3 40
14 48 22
15 80 49
16 59 2
17 8 9
18 32 58
19 70 53
20 3 39
21 17 46
22 27 43
23 91 16
24 61 39
25 72 25
26 91 7
27 81 43
28 86 14
29 80 19
30 31 8
31 90 47
32 43 30
33 75 40
34 86 16
35 73 18
36 21 8
37 55 9
38 50 23
39 77 40
40 81 54
41 32 58
42 61 54
43 64 8
44 91 36
45 7 17
46 79 58
47 68 38
48 66 22
49 84 53
50 54 25
51 36 4
52 82 40
53 70 10
54 29 20
55 36 16
56 1 34
57 20 24
58 67 1
59 32 48
60 67 45
61 37 7
62 87 35
63 25 13
64 64 46
65 23 53
66 18 33
67 80 56
68 29 59
69 43 55
70 98 32
71 8 53
72 80 50
73 88 25
74 66 57
75 68 25
76 39 41
77 44 56
78 77 1
79 27 6
80 38 47
81 59 27
82 50 7
83 3 28
84 6 36
85 84 23
86 99 43
87 4 10
88 84 52
89 67 44
90 66 56
91 19 34
92 27 53
93 90 30
94 89 47
95 32 36
96 41 19
97 13 18
98 40 27
99 68 18
0 31 10
1 11 2
2 1 8
3 37 2
4 89 24
5 20 5
6 33 27
7 74 8
8 96 58
9 59 24
10 73 10
11 34 46
12 96 52
13 54 17
14 13 13
15 1 26
16 6 43
17 43 54
18 10 35
19 18 31
20 92 39
21 14 30
22 48 6
23 33 27
24 44 59
25 63 56
26 98 5
27 57 15
28 53 11
29 3 35
30 9 30
31 42 21
32 76 33
33 23 36
34 80 22
35 64 1
36 27 42
37 28 48
38 31 5
39 75 37
40 10 12
41 5 15
42 20 22
43 31 4
44 15 34
45 84 33
46 91 27
47 90 14
48 44 27
49 21 3
50 92 46
51 51 4
52 11 30
53 66 55
54 97 28
55 4 25
56 13 45
57 22 36
58 64 39
59 88 54
60 93 7
61 16 11
62 29 16
63 99 38
64 51 47
65 28 37
66 64 38
67 37 26
68 37 21
69 71 40
70 94 4
71 17 36
72 46 57
73 90 23
74 68 39
75 33 26
76 96 56
77 73 5
78 1 42
79 86 19
80 70 5
81 22 30
82 12 20
83 15 37
84 16 20
85 72 52
86 46 1
87 52 4
88 28 23
89 12 40
90 43 59
91 19 31
92 79 48
93 70 15
94 48 10
95 1 34
96 88 48
97 69 45
98 5 2
99 68 12
0 41 25
1 75 3
2 1 47
3 86 22
4 93 27
5 43 23
6 70 47
7 36 19
8 94 29
9 86 31
10 76 41
11 90 31
12 62 59
13 52 3
14 72 9
15 50 17
16 54 56
17 44 7
18 4 21
19 54 16
20 81 43
21 19 17
22 94 48
23 16 29
24 19 29
25 42 57
26 2 5
27 74 18
28 10 42
29 82 4
30 22 27
31 39 6
32 36 7
33 83 16
34 84 25
35 56 32
36 51 39
37 93 15
38 93 54
39 69 6
40 16 47
41 26 31
42 61 38
43 50 43
44 90 32
45 8 44
46 50 3
47 6 23
48 60 47
49 30 20
50 21 42
51 79 32
52 99 40
53 9 31
54 17 3
55 32 10
56 93 24
57 24 8
58 28 25
59 62 9
60 99 9
61 94 57
62 88 12
63 76 16
64 49 10
65 27 39
66 38 50
67 6 49
68 90 56
69 94 40
70 56 53
71 62 40
72 13 9
73 24 31
74 14 23
75 68 42
76 92 12
77 40 23
78 9 8
79 10 2
80 37 46
81 75 50
82 20 34
83 96 25
84 94 18
85 13 34
86 14 35
87 54 44
88 11 39
89 80 58
90 1 50
91 86 48
92 73 56
93 73 3
94 5 7
95 46 6
96 18 42
97 43 54
98 32 54
99 46 36
0 69 30
1 98 45
2 45 16
3 2 41
4 90 14
5 19 41
6 70 23
7 81 26
8 87 7
9 98 27
10 19 28
11 43 55
12 88 15
13 29 1
14 53 17
15 14 36
16 27 35
17 80 48
18 62 17
19 75 15
20 81 47
21 69 5
22 7 2
23 10 40
24 17 5
25 17 5
26 88 42
27 36 47
28 36 56
29 87 36
30 76 19
31 27 26
32 75 18
33 71 37
34 84 6
35 100 34
36 98 19
37 15 29
38 15 59
39 89 22
40 71 57
41 54 23
42 5 14
43 49 12
44 84 24
45 24 27
46 71 48
47 74 58
48 86 18
49 57 3
50 20 10
51 91 4
52 34 9
53 5 12
54 20 43
55 83 13
56 49 17
57 9 26
58 46 59
59 84 13
60 35 1
61 21 19
62 0 41
63 13 19
64 61 58
65 83 43
66 0 51
67 32 14
68 84 11
69 72 45
70 72 38
71 38 8
72 52 12
73 9 49
74 6 20
75 4 35
76 17 18
77 78 7
78 63 33
79 54 38
80 13 7
81 98 43
82 22 39
83 0 16
84 81 57
85 43 22
86 27 26
87 0 11
88 77 47
89 87 25
90 52 24
91 14 48
92 28 43
93 86 4
94 13 6
95 45 39
96 99 48
97 99 55
98 47 54
99 35 1
0 53 41
1 33 27
2 19 6
3 96 49
4 26 18
5 91 27
6 46 23
7 94 38
8 10 32
9 10 59
10 38 13
11 63 40
12 64 40
13 32 53
14 33 57
15 44 38
16 73 16
17 27 20
18 3 49
19 75 2
20 61 48
21 34 12
22 8 51
23 12 29
24 30 17
25 5 54
26 74 9
27 25 4
28 15 47
29 80 0
30 35 2
31 44 24
32 14 28
33 97 8
34 53 16
35 54 44
36 88 33
37 60 42
38 50 22
39 90 6
40 32 38
41 12 34
42 9 46
43 14 18
44 27 26
45 97 40
46 2 54
47 57 40
48 91 3
49 87 40
50 49 42
51 28 47
52 99 54
53 17 29
54 62 18
55 66 8
56 76 20
57 97 23
58 88 9
59 74 6
60 78 23
61 36 11
62 15 32
63 74 51
64 35 19
65 8 48
66 16 36
67 25 55
68 31 27
69 24 57
70 29 58
71 78 7
72 96 30
73 37 44
74 93 21
75 40 56
76 9 21
77 94 16
78 91 37
79 76 20
80 51 58
81 20 16
82 94 10
83 50 53
84 60 43
85 92 24
86 91 58
87 61 1
88 39 52
89 33 7
90 58 8
91 91 13
92 96 18
93 26 40
94 52 4
95 54 37
96 29 25
97 84 41
98 16 31
99 42 56
0 7 38
1 98 29
2 19 0
3 68 7
4 16 11
5 14 22
6 38 3
7 92 34
8 58 40
9 2 37
10 99 54
11 8 39
12 8 49
13 52 4
14 71 27
15 6 29
16 25 26
17 35 24
18 91 31
19 37 15
20 22 34
21 31 40
22 92 28
23 44 55
24 48 17
25 2 35
26 14 27
27 97 44
28 99 12
29 34 1
30 24 41
31 75 46
32 85 26
33 46 41
34 64 55
35 62 36
36 96 2
37 4 58
38 89 7
39 72 42
40 83 31
41 9 1
42 56 18
43 72 21
44 36 2
45 68 46
46 31 54
47 22 29
48 89 14
49 95 24
50 34 42
51 22 44
52 67 3
53 9 12
54 8 36
55 17 19
56 10 43
57 76 5
58 25 6
59 49 54
60 86 2
61 78 43
62 5 41
63 64 29
64 95 21
65 55 36
66 36 4
67 92 23
68 5 30
69 44 11
70 89 4
71 86 0
72 87 12
73 46 22
74 60 21
75 33 15
76 33 11
77 54 12
78 23 41
79 30 21
80 9 39
81 51 23
82 76 4
83 51 38
84 0 34
85 99 41
86 38 59
87 79 14
88 67 42
89 74 2
90 93 8
91 55 45
92 54 46
93 86 49
94 27 12
95 35 6
96 57 22
97 73 16
98 20 26
99 71 52
0 97 23
1 0 32
2 6 53
3 42 38
4 34 56
5 23 11
6 1 50
7 71 4
8 94 23
9 1 32
10 76 22
11 43 1
12 28 55
13 79 26
14 96 39
15 61 28
16 51 6
17 88 35
18 39 41
19 36 44
20 82 37
21 70 49
22 2 26
23 12 20
24 99 37
25 35 41
26 39 26
27 6 57
28 52 55
29 83 56
30 63 47
31 47 19
32 39 27
33 52 37
34 59 59
35 19 20
36 74 45
37 63 45
38 91 24
39 57 10
40 70 15
41 8 45
42 20 8
43 96 10
44 22 10
45 25 43
46 45 36
47 86 13
48 33 18
49 13 17
50 80 59
51 84 57
52 8 8
53 86 25
54 94 18
55 3 42
56 4 5
57 48 46
58 96 39
59 54 0
60 86 39
61 35 23
62 77 16
63 64 8
64 31 59
65 1 12
66 61 25
67 3 45
68 25 59
69 8 53
70 84 54
71 93 15
72 54 35
73 97 58
74 55 24
75 76 45
76 10 41
77 53 60
78 94 56
79 4 1
80 66 17
81 39 53
82 90 59
83 53 21
84 73 18
85 57 14
86 26 6
87 53 20
88 55 2
89 91 41
90 9 20
91 17 38
92 59 4
93 36 39
94 2 46
95 88 4
96 1 48
97 48 13
98 67 45
99 24 47
0 94 3
1 33 39
2 67 4
3 24 35
4 71 33
5 39 26
6 93 17
7 25 15
8 24 22
9 86 14
10 30 17
11 52 42
12 63 7
13 85 12
14 35 2
15 44 21
16 19 26
17 21 4
18 64 44
19 45 24
20 23 46
21 97 3
22 29 4
23 0 51
24 9 39
25 99 51
26 11 52
27 37 27
28 7 2
29 83 37
30 21 17
31 77 1
32 9 13
33 63 18
34 11 37
35 93 47
36 2 43
37 83 55
38 68 4
39 55 7
40 60 10
41 74 17
42 10 45
43 37 13
44 14 31
45 20 44
46 27 37
47 97 0
48 36 49
49 98 21
50 44 24
51 78 33
52 71 21
53 92 29
54 68 20
55 47 2
56 68 17
57 93 12
58 4 30
59 51 15
60 84 51
61 20 44
62 29 17
63 0 2
64 34 4
65 20 55
66 69 45
67 11 43
68 85 49
69 6 51
70 63 47
71 9 57
72 98 6
73 24 36
74 49 10
75 55 38
76 63 20
77 35 44
78 10 35
79 18 8
80 57 3
81 39 2
82 49 41
83 30 24
84 15 27
85 75 3
86 5 27
87 24 46
88 78 16
89 66 56
90 99 0
91 70 4
92 69 40
93 30 17
94 45 3
95 85 41
96 39 12
97 16 48
98 90 24
99 86 0
0 90 37
1 40 15
2 69 54
3 53 43
4 37 47
5 51 1
6 10 21
7 82 6
8 58 42
9 81 55
10 92 14
11 20 45
12 22 56
13 3 57
14 27 12
15 82 20
16 77 1
17 40 37
18 31 5
19 31 14
20 74 33
21 31 5
22 76 15
23 68 10
24 62 21
25 23 17
26 77 48
27 3 32
28 70 8
29 76 15
30 36 27
31 6 44
32 81 27
33 77 21
34 70 27
35 46 13
36 4 19
37 94 46
38 79 18
39 15 3
40 66 41
41 29 29
42 9 50
43 33 35
44 80 26
45 100 60
46 4 57
47 65 23
48 82 33
49 10 58
50 2 36
51 74 4
52 39 3
53 92 52
54 42 14
55 3 25
56 82 10
57 91 5
58 81 56
59 78 17
60 43 17
61 89 24
62 8 0
63 39 42
64 7 44
65 27 24
66 19 53
67 23 6
68 5 13
69 40 9
70 16 6
71 9 53
72 32 39
73 52 54
74 78 26
75 85 4
76 52 54
77 49 19
78 25 23
79 21 26
80 57 18
81 13 1
82 89 31
83 72 18
84 94 48
85 37 43
86 13 42
87 81 56
88 4 44
89 79 39
90 38 11
91 72 0
92 8 1
93 0 11
94 13 42
95 17 46
96 17 37
97 98 36
98 78 49
99 83 46
0 30 41
1 68 54
2 74 40
3 74 20
4 31 46
5 87 4
6 60 24
7 64 40
8 12 20
9 27 46
10 84 5
11 19 40
12 70 48
13 68 33
14 35 57
15 33 35
16 38 16
17 33 39
18 86 31
19 92 3
20 30 18
21 46 42
22 65 3
23 40 19
24 42 55
25 53 42
26 80 4
27 75 27
28 42 15
29 81 50
30 19 16
31 36 58
32 77 43
33 37 54
34 82 15
35 37 30
36 26 58
37 67 38
38 80 8
39 37 19
40 95 25
41 12 13
42 0 58
43 86 12
44 74 42
45 34 56
46 29 47
47 62 1
48 98 30
49 62 19
50 30 1
51 71 50
52 58 4
53 70 1
54 90 7
55 76 56
56 82 40
57 90 11
58 23 23
59 68 53
60 92 2
61 6 42
62 88 46
63 41 42
64 16 36
65 21 4
66 21 13
67 87 30
68 6 43
69 96 17
70 20 47
71 85 10
72 8 26
73 92 43
74 49 22
75 50 11
76 63 36
77 99 8
78 29 9
79 78 7
80 92 27
81 78 10
82 42 58
83 22 28
84 68 7
85 29 2
86 74 24
87 68 43
88 63 13
89 39 47
90 16 37
91 21 12
92 91 25
93 8 23
94 29 56
95 3 4
96 4 24
97 39 6
98 89 31
99 85 9
0 87 22
1 27 20
2 23 16
3 97 53
4 44 2
5 89 37
6 49 1
7 27 38
8 17 45
9 94 9
10 47 45
11 14 11
12 28 16
13 45 40
14 1 41
15 23 22
16 92 42
17 9 4
18 16 5
19 82 54
20 38 54
21 10 39
22 50 3
23 17 16
24 85 4
25 81 59
26 21 20
27 36 30
28 42 1
29 6 49
30 8 37
31 5 20
32 25 8
33 5 55
34 79 10
35 15 10
36 59 30
37 10 11
38 24 47
39 91 13
40 96 20
41 75 30
42 1 24
43 74 38
44 88 11
45 35 4
46 40 60
47 74 51
48 6 6
49 56 5
50 91 44
51 59 59
52 41 40
53 42 47
54 37 12
55 44 45
56 96 43
57 89 33
58 89 13
59 97 41
60 79 19
61 8 50
62 69 3
63 41 28
64 53 41
65 26 11
66 80 40
67 63 13
68 12 22
69 80 24
70 97 22
71 75 44
72 65 57
73 87 50
74 24 19
75 2 6
76 90 55
77 64 19
78 53 54
79 9 1
80 95 21
81 81 36
82 44 57
83 4 3
84 44 22
85 81 9
86 23 45
87 64 4
88 52 40
89 46 56
90 45 41
91 97 1
92 33 45
93 92 41
94 82 25
95 58 23
96 71 54
97 16 8
98 31 35
99 82 16
0 70 33
1 17 59
2 83 59
3 26 30
4 5 49
5 80 16
6 97 33
7 33 41
8 91 33
9 14 27
10 12 39
11 35 57
12 55 4
13 97 33
14 14 57
15 74 23
16 60 39
17 93 39
18 13 24
19 30 19
20 19 35
21 2 8
22 3 17
23 46 18
24 86 50
25 58 45
26 28 40
27 43 40
28 88 50
29 95 15
30 69 55
31 72 23
32 12 15
33 51 55
34 82 54
35 0 6
36 52 11
37 90 22
38 63 43
39 81 44
40 34 53
41 76 23
42 72 39
43 64 54
44 49 55
45 84 32
46 37 17
47 6 34
48 7 8
49 74 40
50 7 52
51 19 40
52 10 48
53 79 10
54 9 56
55 54 36
56 69 54
57 26 37
58 5 13
59 93 40
60 1 53
61 44 9
62 39 5
63 75 8
64 59 0
65 89 55
66 51 11
67 11 8
68 52 15
69 19 53
70 8 49
71 37 8
72 64 13
73 84 28
74 88 58
75 65 8
76 60 59
77 24 16
78 6 42
79 39 4
80 68 58
81 82 34
82 77 44
83 50 42
84 94 41
85 67 41
86 95 15
87 92 30
88 94 14
89 98 29
90 28 11
91 39 8
92 43 36
93 52 13
94 38 13
95 5 36
96 24 9
97 39 23
98 69 43
99 58 23
0 57 16
1 6 35
2 31 29
3 6 26
4 23 1
5 94 27
6 12 36
7 58 57
8 21 41
9 37 18
10 96 1
11 39 36
12 82 50
13 41 41
14 9 18
15 55 27
16 17 22
17 21 31
18 29 0
19 62 38
20 38 59
21 97 11
22 12 43
23 79 35
24 91 24
25 10 57
26 22 11
27 91 31
28 21 17
29 34 53
30 58 55
31 28 32
32 97 26
33 38 23
34 33 1
35 69 24
36 72 49
37 58 37
38 26 21
39 5 31
40 45 53
41 24 22
42 72 8
43 6 43
44 96 2
45 74 22
46 82 12
47 89 21
48 47 53
49 97 9
50 95 58
51 83 53
52 64 20
53 96 41
54 10 26
55 97 43
56 97 39
57 40 36
58 54 16
59 88 58
60 30 28
61 29 11
62 49 29
63 30 58
64 94 32
65 29 26
66 72 19
67 22 21
68 44 5
69 65 42
70 93 51
71 91 58
72 14 3
73 7 60
74 52 38
75 33 6
76 54 19
77 29 46
78 29 27
79 97 13
80 7 57
81 27 26
82 4 6
83 69 17
84 84 6
85 17 29
86 16 2
87 4 41
88 9 7
89 46 15
90 85 39
91 19 37
92 17 26
93 3 7
94 90 30
95 62 1
96 12 35
97 95 52
98 60 18
99 43 37
0 1 31
1 7 11
2 22 35
3 91 35
4 97 7
5 81 10
6 96 38
7 1 27
8 66 58
9 39 3
10 99 38
11 71 55
12 82 30
13 62 44
14 94 9
15 99 33
16 49 11
17 60 8
18 40 15
19 76 18
20 17 23
21 69 53
22 49 53
23 80 47
24 97 0
25 67 19
26 18 44
27 95 31
28 29 12
29 7 5
30 94 6
31 71 41
32 76 13
33 24 38
34 98 16
35 99 20
36 90 47
37 13 52
38 15 45
39 29 42
40 79 56
41 15 23
42 1 34
43 89 22
44 66 6
45 52 43
46 82 58
47 40 18
48 95 47
49 21 14
50 22 35
51 64 10
52 26 7
53 92 26
54 80 55
55 24 4
56 36 47
57 80 40
58 71 32
59 2 58
60 1 42
61 13 39
62 71 40
63 32 57
64 54 16
65 14 54
66 4 15
67 52 6
68 62 45
69 69 2
70 99 45
71 26 41
72 60 22
73 57 19
74 16 5
75 8 30
76 32 1
77 61 3
78 95 49
79 4 45
80 83 17
81 12 23
82 30 57
83 10 21
84 82 48
85 9 53
86 36 24
87 62 38
88 13 28
89 7 0
90 5 33
91 57 13
92 20 39
93 26 14
94 4 7
95 18 53
96 95 8
97 37 21
98 88 56
99 53 55
0 81 20
1 71 41
2 28 32
3 9 45
4 93 2
5 31 38
6 59 16
7 27 3
8 67 38
9 53 3
10 6 49
11 95 54
12 41 23
13 34 43
14 4 15
15 83 14
16 86 31
17 64 38
18 73 49
19 41 2
20 72 38
21 39 23
22 5 15
23 84 14
24 15 39
25 11 19
26 40 7
27 8 43
28 15 42
29 51 3
30 98 35
31 47 4
32 98 41
33 30 8
34 32 46
35 7 43
36 70 42
37 40 4
38 9 43
39 14 17
40 69 4
41 45 29
42 11 11
43 38 27
44 95 10
45 50 21
46 62 43
47 75 42
48 81 2
49 66 30
50 18 45
51 26 37
52 16 56
53 49 58
54 68 47
55 62 30
56 59 17
57 95 53
58 21 12
59 25 2
60 22 53
61 84 46
62 47 3
63 92 33
64 21 56
65 1 50
66 24 17
67 30 35
68 13 51
69 60 59
70 32 54
71 55 55
72 32 24
73 1 4
74 65 22
75 73 37
76 26 23
77 52 5
78 54 19
79 82 21
80 42 36
81 90 7
82 55 57
83 89 26
84 84 5
85 21 45
86 9 56
87 30 23
88 98 38
89 54 8
90 31 21
91 2 26
92 31 57
93 53 21
94 90 2
95 36 48
96 21 13
97 90 16
98 86 23
99 41 2
0 48 15
1 90 14
2 98 57
3 42 42
4 66 15
5 62 20
6 26 18
7 43 40
8 89 21
9 99 37
10 66 1
11 94 56
12 44 43
13 23 58
14 55 22
15 89 45
16 43 43
17 63 19
18 23 8
19 17 18
20 96 24
21 18 26
22 91 46
23 25 21
24 87 51
25 57 44
26 74 8
27 15 2
28 97 2
29 16 28
30 57 3
31 21 14
32 5 44
33 54 1
34 22 57
35 21 1
36 92 18
37 19 13
38 40 38
39 47 42
40 81 46
41 8 39
42 25 38
43 10 27
44 27 37
45 24 59
46 59 14
47 47 17
48 60 16
49 78 18
50 57 33
51 23 42
52 94 46
53 55 16
54 72 2
55 34 38
56 62 3
57 95 10
58 50 40
59 35 2
60 93 40
61 26 43
62 58 16
63 73 20
64 39 41
65 52 10
66 69 18
67 98 1
68 12 20
69 79 57
70 6 40
71 43 8
72 28 32
73 23 15
74 10 37
75 16 7
76 45 14
77 29 47
78 94 23
79 95 31
80 57 8
81 26 56
82 24 11
83 15 53
84 79 13
85 27 13
86 15 26
87 13 13
88 61 20
89 42 8
90 54 15
91 98 58
92 55 47
93 93 32
94 69 19
95 69 25
96 54 39
97 89 39
98 12 26
99 33 1
0 10 33
1 25 8
2 5 10
3 56 3
4 67 22
5 83 43
6 40 10
7 18 35
8 97 28
9 26 32
10 47 4
11 14 38
12 23 27
13 2 15
14 21 26
15 0 39
16 4 25
17 7 56
18 88 54
19 95 47
20 33 1
21 11 9
22 92 46
23 63 45
24 42 38
25 85 4
26 11 12
27 14 17
28 50 40
29 40 40
30 22 15
31 81 10
32 74 44
33 75 21
34 41 13
35 15 6
36 69 6
37 19 20
38 5 41
39 48 36
40 46 55
41 37 42
42 75 10
43 15 19
44 96 59
45 39 38
46 59 57
47 62 24
48 78 30
49 80 49
50 24 11
51 3 31
52 25 56
53 37 55
54 91 14
55 88 29
56 25 59
57 19 26
58 10 44
59 73 39
60 57 5
61 83 1
62 13 46
63 0 51
64 59 21
65 4 1
66 61 54
67 23 28
68 24 21
69 96 30
70 77 2
71 42 14
72 80 13
73 15 9
74 41 30
75 70 13
76 46 47
77 80 27
78 45 36
79 39 16
80 71 15
81 36 43
82 48 44
83 27 11
84 55 39
85 90 0
86 74 38
87 34 35
88 94 26
89 86 22
90 36 11
91 80 33
92 70 23
93 83 58
94 20 20
95 97 46
96 86 0
97 69 11
98 28 14
99 85 18
0 72 42
1 73 13
2 27 29
3 6 58
4 71 22
5 91 59
6 85 11
7 47 9
8 12 26
9 97 43
10 82 24
11 39 39
12 44 27
13 72 11
14 81 51
15 14 4
16 18 11
17 66 24
18 67 39
19 91 37
20 94 49
21 84 51
22 38 7
23 77 14
24 23 45
25 63 23
26 1 59
27 10 45
28 54 36
29 26 13
30 19 2
31 42 18
32 21 25
33 87 27
34 46 16
35 85 46
36 78 27
37 64 23
38 16 56
39 50 56
40 36 6
41 96 21
42 97 31
43 24 29
44 96 29
45 80 22
46 61 35
47 84 39
48 87 45
49 41 10
50 4 15
51 69 37
52 32 58
53 47 19
54 95 52
55 53 44
56 78 44
57 99 51
58 6 25
59 21 17
60 86 2
61 16 24
62 13 38
63 35 23
64 33 56
65 74 53
66 97 12
67 83 22
68 40 13
69 3 9
70 6 16
71 28 19
72 83 27
73 79 48
74 91 51
75 64 59
76 80 9
77 28 21
78 47 38
79 31 57
80 85 33
81 39 52
82 81 33
83 83 31
84 23 11
85 16 21
86 73 13
87 45 54
88 9 10
89 49 40
90 52 11
91 39 8
92 5 7
93 34 45
94 10 34
95 64 3
96 19 38
97 21 43
98 23 22
99 29 54
