0 94 30
1 56 36
2 30 17
3 78 18
4 85 34
5 58 29
6 8 37
7 59 55
8 59 12
9 12 12
10 34 25
11 16 12
12 62 14
13 30 8
14 6 33
15 17 5
16 70 18
17 39 14
18 39 37
19 32 39
20 87 16
21 76 57
22 81 17
23 36 53
24 19 56
25 90 8
26 80 10
27 5 5
28 96 18
29 32 56
30 94 24
31 73 49
32 86 33
33 54 42
34 34 13
35 17 13
36 5 16
37 48 46
38 79 10
39 9 25
40 16 2
41 93 35
42 87 38
43 61 15
44 67 42
0 41 16
1 61 19
2 6 3
3 35 28
4 96 56
5 2 41
6 42 43
7 6 56
8 85 2
9 55 38
10 23 54
11 63 10
12 81 46
13 59 58
14 39 28
15 14 44
16 36 24
17 94 20
18 77 21
19 32 13
20 42 31
21 84 34
22 91 27
23 44 22
24 6 42
25 47 55
26 37 25
27 96 21
28 97 35
29 27 39
30 93 8
31 81 52
32 25 2
33 10 11
34 30 22
35 52 2
36 49 54
37 30 10
38 56 57
39 35 56
40 47 46
41 9 54
42 50 8
43 27 38
44 66 54
0 8 34
1 98 26
2 97 20
3 44 56
4 9 48
5 25 31
6 16 30
7 97 25
8 80 4
9 4 55
10 87 14
11 93 2
12 88 21
13 5 33
14 59 37
15 96 6
16 85 41
17 18 29
18 52 9
19 98 53
20 89 54
21 90 10
22 15 46
23 16 6
24 96 10
25 77 45
26 26 54
27 8 4
28 75 55
29 92 33
30 77 57
31 79 30
32 79 4
33 76 20
34 23 29
35 8 54
36 74 55
37 28 4
38 35 21
39 24 1
40 35 2
41 99 35
42 18 2
43 54 23
44 42 13
0 75 38
1 46 29
2 66 55
3 28 13
4 96 38
5 79 48
6 89 8
7 51 45
8 56 39
9 47 14
10 57 56
11 38 28
12 95 10
13 39 2
14 81 23
15 48 42
16 18 2
17 57 57
18 46 46
19 23 22
20 11 29
21 78 42
22 28 19
23 79 32
24 13 8
25 49 19
26 93 34
27 73 42
28 95 21
29 44 2
30 13 56
31 70 3
32 21 31
33 81 51
34 80 15
35 18 13
36 96 42
37 14 21
38 88 2
39 11 24
40 5 36
41 75 1
42 32 56
43 91 43
44 15 3
0 64 22
1 85 30
2 28 5
3 23 21
4 55 20
5 22 27
6 86 53
7 91 8
8 59 45
9 10 27
10 18 15
11 7 11
12 11 6
13 15 58
14 9 31
15 51 8
16 25 56
17 84 34
18 36 39
19 78 48
20 72 47
21 5 52
22 82 36
23 17 15
24 58 55
25 3 5
26 96 49
27 34 55
28 46 2
29 69 37
30 77 57
31 16 24
32 71 12
33 36 6
34 81 45
35 39 31
36 87 31
37 51 41
38 83 39
39 71 21
40 27 14
41 97 55
42 82 31
43 24 18
44 42 55
0 95 8
1 30 25
2 95 54
3 74 41
4 11 9
5 94 43
6 98 34
7 19 3
8 69 22
9 37 47
10 45 57
11 25 28
12 21 40
13 78 55
14 98 30
15 62 20
16 85 55
17 82 56
18 46 30
19 53 2
20 94 44
21 80 7
22 5 34
23 35 30
24 38 44
25 85 57
26 91 43
27 39 41
28 97 31
29 3 6
30 72 39
31 57 39
32 52 31
33 15 34
34 83 24
35 54 40
36 72 22
37 3 3
38 25 43
39 92 45
40 99 53
41 76 42
42 40 18
43 83 36
44 85 40
0 37 47
1 59 57
2 13 37
3 63 45
4 6 30
5 93 39
6 15 36
7 98 38
8 25 16
9 28 10
10 88 24
11 40 16
12 15 54
13 80 12
14 18 46
15 33 2
16 73 48
17 7 29
18 21 32
19 35 26
20 70 57
21 58 17
22 96 50
23 71 2
24 32 4
25 60 39
26 91 54
27 13 45
28 41 1
29 13 30
30 26 29
31 37 48
32 70 29
33 3 11
34 5 39
35 8 5
36 80 49
37 11 18
38 51 41
39 93 9
40 32 27
41 18 11
42 13 23
43 62 22
44 56 21
0 93 15
1 11 24
2 99 15
3 41 44
4 52 2
5 87 40
6 13 43
7 40 19
8 3 34
9 14 44
10 98 22
11 5 18
12 90 41
13 43 14
14 44 18
15 38 16
16 13 42
17 36 12
18 50 44
19 67 55
20 11 50
21 73 52
22 53 44
23 34 13
24 22 37
25 87 56
26 8 39
27 68 46
28 98 21
29 93 7
30 85 13
31 11 37
32 5 30
33 98 24
34 4 24
35 55 31
36 92 11
37 18 14
38 80 53
39 87 43
40 9 2
41 39 18
42 37 5
43 42 42
44 51 30
0 25 22
1 41 2
2 54 17
3 90 33
4 90 47
5 52 15
6 92 26
7 33 41
8 88 3
9 67 39
10 70 21
11 85 2
12 89 20
13 29 13
14 84 22
15 26 25
16 87 22
17 83 3
18 10 57
19 96 47
20 89 28
21 21 32
22 88 2
23 6 40
24 63 28
25 5 44
26 55 42
27 43 45
28 5 51
29 4 29
30 18 20
31 40 16
32 44 30
33 85 39
34 90 50
35 18 22
36 37 54
37 12 20
38 71 9
39 35 57
40 8 3
41 61 29
42 21 2
43 96 22
44 43 41
0 36 23
1 9 49
2 64 9
3 35 26
4 92 50
5 84 1
6 92 56
7 28 25
8 6 2
9 59 40
10 70 55
11 77 47
12 91 26
13 26 43
14 38 41
15 56 56
16 57 9
17 56 58
18 30 29
19 45 45
20 5 50
21 89 54
22 26 42
23 31 15
24 96 5
25 73 42
26 37 17
27 87 33
28 69 43
29 22 40
30 60 19
31 10 13
32 45 31
33 26 28
34 9 38
35 6 24
36 12 28
37 31 38
38 93 54
39 44 30
40 35 20
41 4 50
42 6 21
43 64 45
44 69 38
0 61 7
1 50 44
2 28 44
3 94 8
4 4 18
5 19 35
6 28 2
7 91 14
8 58 21
9 57 15
10 64 17
11 47 8
12 63 30
13 99 53
14 91 53
15 2 16
16 32 15
17 45 7
18 57 45
19 34 41
20 60 44
21 34 17
22 33 15
23 79 24
24 80 13
25 86 44
26 53 45
27 85 6
28 9 12
29 6 35
30 89 41
31 74 17
32 43 22
33 3 29
34 31 23
35 79 41
36 64 10
37 89 24
38 52 56
39 57 29
40 62 40
41 46 16
42 97 38
43 32 15
44 94 11
0 76 31
1 72 29
2 86 23
3 29 39
4 82 20
5 31 11
6 89 27
7 4 37
8 5 23
9 30 55
10 90 46
11 57 13
12 47 41
13 44 54
14 9 21
15 5 20
16 31 38
17 69 40
18 90 42
19 69 13
20 95 8
21 94 27
22 11 19
23 54 31
24 93 25
25 80 50
26 24 16
27 57 40
28 25 30
29 25 30
30 87 52
31 58 8
32 8 4
33 72 19
34 11 44
35 35 23
36 53 28
37 50 17
38 90 5
39 98 54
40 93 14
41 31 54
42 9 9
43 55 56
44 5 47
0 31 30
1 58 19
2 20 29
3 17 16
4 3 7
5 49 41
6 24 21
7 3 33
8 22 5
9 52 56
10 26 4
11 25 56
12 6 14
13 8 43
14 48 28
15 70 44
16 35 39
17 58 37
18 12 48
19 35 2
20 25 25
21 68 17
22 18 30
23 16 41
24 73 20
25 28 26
26 20 56
27 35 16
28 75 36
29 73 55
30 88 9
31 91 12
32 61 16
33 64 38
34 10 25
35 11 21
36 23 22
37 84 46
38 18 57
39 16 28
40 66 44
41 40 3
42 17 25
43 35 2
44 46 45
0 52 56
1 35 46
2 95 29
3 41 36
4 92 39
5 31 29
6 20 4
7 61 56
8 9 4
9 89 45
10 65 19
11 30 30
12 10 43
13 81 35
14 86 11
15 2 41
16 60 42
17 19 20
18 66 2
19 11 23
20 79 45
21 76 22
22 32 46
23 91 38
24 23 22
25 4 18
26 24 25
27 23 24
28 82 44
29 11 28
30 98 16
31 64 43
32 96 19
33 8 43
34 82 21
35 88 2
36 90 18
37 7 26
38 80 57
39 5 22
40 49 16
41 75 19
42 8 55
43 94 4
44 59 55
0 4 8
1 63 44
2 38 40
3 58 28
4 59 45
5 17 9
6 90 18
7 4 13
8 89 57
9 81 56
10 8 36
11 23 18
12 85 23
13 79 4
14 27 7
15 33 55
16 94 19
17 73 52
18 31 16
19 92 8
20 77 17
21 49 18
22 22 24
23 73 42
24 59 18
25 37 47
26 67 2
27 22 38
28 48 44
29 20 6
30 89 35
31 41 55
32 93 49
33 27 18
34 93 24
35 49 39
36 79 26
37 71 42
38 6 52
39 5 25
40 24 41
41 27 30
42 81 43
43 33 11
44 93 33
0 6 51
1 20 8
2 62 54
3 75 43
4 9 23
5 11 3
6 93 5
7 61 41
8 84 28
9 4 46
10 2 3
11 78 19
12 7 48
13 4 40
14 12 9
15 22 55
16 72 18
17 95 5
18 33 46
19 84 37
20 88 29
21 87 29
22 39 7
23 44 16
24 98 24
25 51 30
26 79 1
27 16 56
28 85 19
29 28 11
30 67 31
31 12 14
32 12 18
33 59 28
34 68 2
35 16 41
36 48 30
37 17 6
38 85 26
39 67 2
40 50 54
41 29 29
42 46 21
43 50 44
44 37 14
0 75 29
1 41 42
2 50 30
3 87 35
4 84 32
5 16 11
6 24 8
7 81 7
8 26 17
9 34 22
10 22 31
11 88 47
12 15 22
13 65 30
14 4 11
15 90 34
16 4 7
17 95 23
18 71 54
19 80 33
20 82 23
21 75 37
22 29 9
23 20 29
24 4 7
25 83 12
26 89 26
27 37 37
28 90 31
29 71 15
30 97 50
31 37 7
32 36 57
33 42 23
34 44 41
35 12 33
36 7 35
37 90 47
38 19 40
39 72 52
40 5 16
41 42 16
42 66 42
43 4 38
44 19 44
0 51 55
1 76 16
2 6 51
3 77 20
4 26 13
5 72 28
6 91 45
7 85 48
8 27 36
9 34 19
10 46 56
11 66 45
12 44 44
13 4 35
14 12 21
15 32 4
16 67 27
17 22 27
18 20 5
19 72 54
20 45 14
21 68 37
22 87 29
23 10 5
24 44 20
25 82 23
26 26 19
27 2 36
28 18 11
29 26 1
30 6 23
31 51 8
32 33 17
33 43 18
34 65 28
35 81 29
36 27 44
37 80 17
38 56 20
39 35 24
40 31 37
41 3 19
42 87 15
43 27 24
44 42 56
0 84 37
1 69 28
2 13 24
3 45 9
4 43 31
5 82 20
6 47 20
7 16 14
8 3 50
9 68 23
10 2 33
11 56 18
12 43 42
13 4 14
14 92 28
15 69 43
16 15 38
17 19 36
18 25 6
19 54 56
20 98 8
21 18 33
22 12 43
23 32 23
24 76 56
25 37 13
26 86 5
27 10 18
28 7 27
29 33 29
30 50 16
31 50 8
32 66 2
33 3 40
34 30 15
35 11 33
36 83 6
37 8 34
38 78 45
39 21 56
40 58 3
41 17 22
42 76 16
43 72 44
44 5 37
0 3 42
1 9 32
2 59 18
3 8 21
4 64 38
5 15 16
6 48 29
7 2 15
8 79 4
9 7 55
10 13 13
11 50 16
12 76 2
13 27 29
14 54 42
15 10 30
16 19 44
17 95 49
18 16 32
19 69 28
20 34 8
21 12 11
22 90 33
23 55 41
24 88 57
25 66 30
26 53 42
27 36 22
28 84 46
29 86 31
30 12 4
31 80 34
32 73 9
33 27 20
34 30 1
35 45 44
36 55 37
37 76 29
38 3 4
39 39 40
40 84 27
41 17 16
42 51 57
43 87 29
44 83 44
